สัปดาห์-value,สัปดาห์-alias,จังหวัด-value,จังหวัด-alias,AGG(ข้อมูล)-alias
49,49,%all%,%all%,1574
49,49,ไม่ระบุ,ไม่ระบุ,1
49,49,แม่ฮ่องสอน,แม่ฮ่องสอน,2
49,49,แพร่,แพร่,22
49,49,เลย,เลย,5
49,49,เพชรบูรณ์,เพชรบูรณ์,26
49,49,เพชรบุรี,เพชรบุรี,14
49,49,เชียงใหม่,เชียงใหม่,87
49,49,เชียงราย,เชียงราย,15
49,49,อ่างทอง,อ่างทอง,2
49,49,อุบลราชธานี,อุบลราชธานี,41
49,49,อุทัยธานี,อุทัยธานี,6
49,49,อุตรดิตถ์,อุตรดิตถ์,22
49,49,อุดรธานี,อุดรธานี,5
49,49,อำนาจเจริญ,อำนาจเจริญ,2
49,49,หนองบัวลำภู,หนองบัวลำภู,7
49,49,หนองคาย,หนองคาย,8
49,49,สุโขทัย,สุโขทัย,9
49,49,สุรินทร์,สุรินทร์,15
49,49,สุราษฎร์ธานี,สุราษฎร์ธานี,44
49,49,สุพรรณบุรี,สุพรรณบุรี,31
49,49,สิงห์บุรี,สิงห์บุรี,1
49,49,สระแก้ว,สระแก้ว,5
49,49,สระบุรี,สระบุรี,17
49,49,สมุทรสาคร,สมุทรสาคร,26
49,49,สมุทรสงคราม,สมุทรสงคราม,6
49,49,สมุทรปราการ,สมุทรปราการ,53
49,49,สตูล,สตูล,2
49,49,สงขลา,สงขลา,14
49,49,สกลนคร,สกลนคร,3
49,49,ศรีสะเกษ,ศรีสะเกษ,13
49,49,ลำพูน,ลำพูน,39
49,49,ลำปาง,ลำปาง,17
49,49,ลพบุรี,ลพบุรี,8
49,49,ร้อยเอ็ด,ร้อยเอ็ด,14
49,49,ราชบุรี,ราชบุรี,37
49,49,ระยอง,ระยอง,22
49,49,ระนอง,ระนอง,0
49,49,ยโสธร,ยโสธร,5
49,49,ยะลา,ยะลา,5
49,49,มุกดาหาร,มุกดาหาร,4
49,49,มหาสารคาม,มหาสารคาม,11
49,49,ภูเก็ต,ภูเก็ต,27
49,49,พิษณุโลก,พิษณุโลก,26
49,49,พิจิตร,พิจิตร,28
49,49,พัทลุง,พัทลุง,1
49,49,พังงา,พังงา,4
49,49,พะเยา,พะเยา,59
49,49,พระนครศรีอยุธยา,พระนครศรีอยุธยา,14
49,49,ปัตตานี,ปัตตานี,1
49,49,ปราจีนบุรี,ปราจีนบุรี,6
49,49,ประจวบคีรีขันธ์,ประจวบคีรีขันธ์,10
49,49,ปทุมธานี,ปทุมธานี,32
49,49,บุรีรัมย์,บุรีรัมย์,39
49,49,บึงกาฬ,บึงกาฬ,6
49,49,น่าน,น่าน,20
49,49,นราธิวาส,นราธิวาส,13
49,49,นนทบุรี,นนทบุรี,45
49,49,นครสวรรค์,นครสวรรค์,39
49,49,นครศรีธรรมราช,นครศรีธรรมราช,40
49,49,นครราชสีมา,นครราชสีมา,83
49,49,นครพนม,นครพนม,4
49,49,นครปฐม,นครปฐม,25
49,49,นครนายก,นครนายก,3
49,49,ตาก,ตาก,5
49,49,ตราด,ตราด,3
49,49,ตรัง,ตรัง,8
49,49,ชุมพร,ชุมพร,21
49,49,ชัยภูมิ,ชัยภูมิ,26
49,49,ชัยนาท,ชัยนาท,7
49,49,ชลบุรี,ชลบุรี,52
49,49,ฉะเชิงเทรา,ฉะเชิงเทรา,23
49,49,จันทบุรี,จันทบุรี,9
49,49,ขอนแก่น,ขอนแก่น,35
49,49,กำแพงเพชร,กำแพงเพชร,16
49,49,กาฬสินธุ์,กาฬสินธุ์,11
49,49,กาญจนบุรี,กาญจนบุรี,32
49,49,กรุงเทพมหานคร,กรุงเทพมหานคร,127
49,49,กระบี่,กระบี่,8
48,48,%all%,%all%,6714
48,48,ไม่ระบุ,ไม่ระบุ,5
48,48,แม่ฮ่องสอน,แม่ฮ่องสอน,42
48,48,แพร่,แพร่,108
48,48,เลย,เลย,26
48,48,เพชรบูรณ์,เพชรบูรณ์,93
48,48,เพชรบุรี,เพชรบุรี,35
48,48,เชียงใหม่,เชียงใหม่,383
48,48,เชียงราย,เชียงราย,141
48,48,อ่างทอง,อ่างทอง,15
48,48,อุบลราชธานี,อุบลราชธานี,233
48,48,อุทัยธานี,อุทัยธานี,24
48,48,อุตรดิตถ์,อุตรดิตถ์,51
48,48,อุดรธานี,อุดรธานี,21
48,48,อำนาจเจริญ,อำนาจเจริญ,11
48,48,หนองบัวลำภู,หนองบัวลำภู,29
48,48,หนองคาย,หนองคาย,32
48,48,สุโขทัย,สุโขทัย,40
48,48,สุรินทร์,สุรินทร์,77
48,48,สุราษฎร์ธานี,สุราษฎร์ธานี,177
48,48,สุพรรณบุรี,สุพรรณบุรี,64
48,48,สิงห์บุรี,สิงห์บุรี,7
48,48,สระแก้ว,สระแก้ว,29
48,48,สระบุรี,สระบุรี,40
48,48,สมุทรสาคร,สมุทรสาคร,93
48,48,สมุทรสงคราม,สมุทรสงคราม,18
48,48,สมุทรปราการ,สมุทรปราการ,211
48,48,สตูล,สตูล,18
48,48,สงขลา,สงขลา,38
48,48,สกลนคร,สกลนคร,11
48,48,ศรีสะเกษ,ศรีสะเกษ,59
48,48,ลำพูน,ลำพูน,131
48,48,ลำปาง,ลำปาง,88
48,48,ลพบุรี,ลพบุรี,34
48,48,ร้อยเอ็ด,ร้อยเอ็ด,39
48,48,ราชบุรี,ราชบุรี,124
48,48,ระยอง,ระยอง,92
48,48,ระนอง,ระนอง,15
48,48,ยโสธร,ยโสธร,23
48,48,ยะลา,ยะลา,23
48,48,มุกดาหาร,มุกดาหาร,12
48,48,มหาสารคาม,มหาสารคาม,32
48,48,ภูเก็ต,ภูเก็ต,97
48,48,พิษณุโลก,พิษณุโลก,138
48,48,พิจิตร,พิจิตร,108
48,48,พัทลุง,พัทลุง,16
48,48,พังงา,พังงา,25
48,48,พะเยา,พะเยา,180
48,48,พระนครศรีอยุธยา,พระนครศรีอยุธยา,94
48,48,ปัตตานี,ปัตตานี,8
48,48,ปราจีนบุรี,ปราจีนบุรี,37
48,48,ประจวบคีรีขันธ์,ประจวบคีรีขันธ์,68
48,48,ปทุมธานี,ปทุมธานี,90
48,48,บุรีรัมย์,บุรีรัมย์,131
48,48,บึงกาฬ,บึงกาฬ,3
48,48,น่าน,น่าน,53
48,48,นราธิวาส,นราธิวาส,28
48,48,นนทบุรี,นนทบุรี,177
48,48,นครสวรรค์,นครสวรรค์,239
48,48,นครศรีธรรมราช,นครศรีธรรมราช,148
48,48,นครราชสีมา,นครราชสีมา,324
48,48,นครพนม,นครพนม,27
48,48,นครปฐม,นครปฐม,147
48,48,นครนายก,นครนายก,9
48,48,ตาก,ตาก,63
48,48,ตราด,ตราด,4
48,48,ตรัง,ตรัง,32
48,48,ชุมพร,ชุมพร,94
48,48,ชัยภูมิ,ชัยภูมิ,129
48,48,ชัยนาท,ชัยนาท,68
48,48,ชลบุรี,ชลบุรี,234
48,48,ฉะเชิงเทรา,ฉะเชิงเทรา,73
48,48,จันทบุรี,จันทบุรี,38
48,48,ขอนแก่น,ขอนแก่น,109
48,48,กำแพงเพชร,กำแพงเพชร,111
48,48,กาฬสินธุ์,กาฬสินธุ์,48
48,48,กาญจนบุรี,กาญจนบุรี,74
48,48,กรุงเทพมหานคร,กรุงเทพมหานคร,714
48,48,กระบี่,กระบี่,32
47,47,%all%,%all%,9387
47,47,ไม่ระบุ,ไม่ระบุ,2
47,47,แม่ฮ่องสอน,แม่ฮ่องสอน,73
47,47,แพร่,แพร่,146
47,47,เลย,เลย,30
47,47,เพชรบูรณ์,เพชรบูรณ์,132
47,47,เพชรบุรี,เพชรบุรี,57
47,47,เชียงใหม่,เชียงใหม่,544
47,47,เชียงราย,เชียงราย,168
47,47,อ่างทอง,อ่างทอง,19
47,47,อุบลราชธานี,อุบลราชธานี,217
47,47,อุทัยธานี,อุทัยธานี,58
47,47,อุตรดิตถ์,อุตรดิตถ์,77
47,47,อุดรธานี,อุดรธานี,24
47,47,อำนาจเจริญ,อำนาจเจริญ,16
47,47,หนองบัวลำภู,หนองบัวลำภู,27
47,47,หนองคาย,หนองคาย,21
47,47,สุโขทัย,สุโขทัย,54
47,47,สุรินทร์,สุรินทร์,100
47,47,สุราษฎร์ธานี,สุราษฎร์ธานี,250
47,47,สุพรรณบุรี,สุพรรณบุรี,110
47,47,สิงห์บุรี,สิงห์บุรี,4
47,47,สระแก้ว,สระแก้ว,34
47,47,สระบุรี,สระบุรี,62
47,47,สมุทรสาคร,สมุทรสาคร,151
47,47,สมุทรสงคราม,สมุทรสงคราม,26
47,47,สมุทรปราการ,สมุทรปราการ,288
47,47,สตูล,สตูล,30
47,47,สงขลา,สงขลา,201
47,47,สกลนคร,สกลนคร,5
47,47,ศรีสะเกษ,ศรีสะเกษ,78
47,47,ลำพูน,ลำพูน,227
47,47,ลำปาง,ลำปาง,83
47,47,ลพบุรี,ลพบุรี,58
47,47,ร้อยเอ็ด,ร้อยเอ็ด,54
47,47,ราชบุรี,ราชบุรี,148
47,47,ระยอง,ระยอง,108
47,47,ระนอง,ระนอง,16
47,47,ยโสธร,ยโสธร,33
47,47,ยะลา,ยะลา,70
47,47,มุกดาหาร,มุกดาหาร,8
47,47,มหาสารคาม,มหาสารคาม,61
47,47,ภูเก็ต,ภูเก็ต,99
47,47,พิษณุโลก,พิษณุโลก,193
47,47,พิจิตร,พิจิตร,130
47,47,พัทลุง,พัทลุง,78
47,47,พังงา,พังงา,30
47,47,พะเยา,พะเยา,184
47,47,พระนครศรีอยุธยา,พระนครศรีอยุธยา,120
47,47,ปัตตานี,ปัตตานี,38
47,47,ปราจีนบุรี,ปราจีนบุรี,24
47,47,ประจวบคีรีขันธ์,ประจวบคีรีขันธ์,119
47,47,ปทุมธานี,ปทุมธานี,93
47,47,บุรีรัมย์,บุรีรัมย์,162
47,47,บึงกาฬ,บึงกาฬ,11
47,47,น่าน,น่าน,57
47,47,นราธิวาส,นราธิวาส,42
47,47,นนทบุรี,นนทบุรี,234
47,47,นครสวรรค์,นครสวรรค์,358
47,47,นครศรีธรรมราช,นครศรีธรรมราช,344
47,47,นครราชสีมา,นครราชสีมา,442
47,47,นครพนม,นครพนม,23
47,47,นครปฐม,นครปฐม,219
47,47,นครนายก,นครนายก,25
47,47,ตาก,ตาก,75
47,47,ตราด,ตราด,8
47,47,ตรัง,ตรัง,73
47,47,ชุมพร,ชุมพร,123
47,47,ชัยภูมิ,ชัยภูมิ,159
47,47,ชัยนาท,ชัยนาท,88
47,47,ชลบุรี,ชลบุรี,242
47,47,ฉะเชิงเทรา,ฉะเชิงเทรา,86
47,47,จันทบุรี,จันทบุรี,54
47,47,ขอนแก่น,ขอนแก่น,165
47,47,กำแพงเพชร,กำแพงเพชร,172
47,47,กาฬสินธุ์,กาฬสินธุ์,66
47,47,กาญจนบุรี,กาญจนบุรี,136
47,47,กรุงเทพมหานคร,กรุงเทพมหานคร,1010
47,47,กระบี่,กระบี่,35
46,46,%all%,%all%,9361
46,46,ไม่ระบุ,ไม่ระบุ,2
46,46,แม่ฮ่องสอน,แม่ฮ่องสอน,87
46,46,แพร่,แพร่,101
46,46,เลย,เลย,31
46,46,เพชรบูรณ์,เพชรบูรณ์,133
46,46,เพชรบุรี,เพชรบุรี,87
46,46,เชียงใหม่,เชียงใหม่,468
46,46,เชียงราย,เชียงราย,158
46,46,อ่างทอง,อ่างทอง,31
46,46,อุบลราชธานี,อุบลราชธานี,258
46,46,อุทัยธานี,อุทัยธานี,45
46,46,อุตรดิตถ์,อุตรดิตถ์,58
46,46,อุดรธานี,อุดรธานี,20
46,46,อำนาจเจริญ,อำนาจเจริญ,18
46,46,หนองบัวลำภู,หนองบัวลำภู,31
46,46,หนองคาย,หนองคาย,16
46,46,สุโขทัย,สุโขทัย,59
46,46,สุรินทร์,สุรินทร์,92
46,46,สุราษฎร์ธานี,สุราษฎร์ธานี,248
46,46,สุพรรณบุรี,สุพรรณบุรี,94
46,46,สิงห์บุรี,สิงห์บุรี,13
46,46,สระแก้ว,สระแก้ว,52
46,46,สระบุรี,สระบุรี,72
46,46,สมุทรสาคร,สมุทรสาคร,132
46,46,สมุทรสงคราม,สมุทรสงคราม,31
46,46,สมุทรปราการ,สมุทรปราการ,191
46,46,สตูล,สตูล,26
46,46,สงขลา,สงขลา,282
46,46,สกลนคร,สกลนคร,11
46,46,ศรีสะเกษ,ศรีสะเกษ,75
46,46,ลำพูน,ลำพูน,148
46,46,ลำปาง,ลำปาง,50
46,46,ลพบุรี,ลพบุรี,60
46,46,ร้อยเอ็ด,ร้อยเอ็ด,66
46,46,ราชบุรี,ราชบุรี,190
46,46,ระยอง,ระยอง,125
46,46,ระนอง,ระนอง,22
46,46,ยโสธร,ยโสธร,18
46,46,ยะลา,ยะลา,88
46,46,มุกดาหาร,มุกดาหาร,13
46,46,มหาสารคาม,มหาสารคาม,72
46,46,ภูเก็ต,ภูเก็ต,90
46,46,พิษณุโลก,พิษณุโลก,152
46,46,พิจิตร,พิจิตร,113
46,46,พัทลุง,พัทลุง,93
46,46,พังงา,พังงา,44
46,46,พะเยา,พะเยา,180
46,46,พระนครศรีอยุธยา,พระนครศรีอยุธยา,125
46,46,ปัตตานี,ปัตตานี,29
46,46,ปราจีนบุรี,ปราจีนบุรี,41
46,46,ประจวบคีรีขันธ์,ประจวบคีรีขันธ์,110
46,46,ปทุมธานี,ปทุมธานี,117
46,46,บุรีรัมย์,บุรีรัมย์,258
46,46,บึงกาฬ,บึงกาฬ,13
46,46,น่าน,น่าน,36
46,46,นราธิวาส,นราธิวาส,38
46,46,นนทบุรี,นนทบุรี,175
46,46,นครสวรรค์,นครสวรรค์,254
46,46,นครศรีธรรมราช,นครศรีธรรมราช,356
46,46,นครราชสีมา,นครราชสีมา,529
46,46,นครพนม,นครพนม,28
46,46,นครปฐม,นครปฐม,193
46,46,นครนายก,นครนายก,21
46,46,ตาก,ตาก,110
46,46,ตราด,ตราด,12
46,46,ตรัง,ตรัง,126
46,46,ชุมพร,ชุมพร,153
46,46,ชัยภูมิ,ชัยภูมิ,206
46,46,ชัยนาท,ชัยนาท,88
46,46,ชลบุรี,ชลบุรี,244
46,46,ฉะเชิงเทรา,ฉะเชิงเทรา,85
46,46,จันทบุรี,จันทบุรี,47
46,46,ขอนแก่น,ขอนแก่น,179
46,46,กำแพงเพชร,กำแพงเพชร,192
46,46,กาฬสินธุ์,กาฬสินธุ์,62
46,46,กาญจนบุรี,กาญจนบุรี,136
46,46,กรุงเทพมหานคร,กรุงเทพมหานคร,918
46,46,กระบี่,กระบี่,34
45,45,%all%,%all%,5149
45,45,ไม่ระบุ,ไม่ระบุ,1
45,45,แม่ฮ่องสอน,แม่ฮ่องสอน,37
45,45,แพร่,แพร่,55
45,45,เลย,เลย,12
45,45,เพชรบูรณ์,เพชรบูรณ์,69
45,45,เพชรบุรี,เพชรบุรี,40
45,45,เชียงใหม่,เชียงใหม่,185
45,45,เชียงราย,เชียงราย,60
45,45,อ่างทอง,อ่างทอง,26
45,45,อุบลราชธานี,อุบลราชธานี,157
45,45,อุทัยธานี,อุทัยธานี,8
45,45,อุตรดิตถ์,อุตรดิตถ์,31
45,45,อุดรธานี,อุดรธานี,22
45,45,อำนาจเจริญ,อำนาจเจริญ,7
45,45,หนองบัวลำภู,หนองบัวลำภู,12
45,45,หนองคาย,หนองคาย,12
45,45,สุโขทัย,สุโขทัย,46
45,45,สุรินทร์,สุรินทร์,51
45,45,สุราษฎร์ธานี,สุราษฎร์ธานี,177
45,45,สุพรรณบุรี,สุพรรณบุรี,79
45,45,สิงห์บุรี,สิงห์บุรี,10
45,45,สระแก้ว,สระแก้ว,18
45,45,สระบุรี,สระบุรี,31
45,45,สมุทรสาคร,สมุทรสาคร,53
45,45,สมุทรสงคราม,สมุทรสงคราม,19
45,45,สมุทรปราการ,สมุทรปราการ,123
45,45,สตูล,สตูล,20
45,45,สงขลา,สงขลา,122
45,45,สกลนคร,สกลนคร,10
45,45,ศรีสะเกษ,ศรีสะเกษ,71
45,45,ลำพูน,ลำพูน,37
45,45,ลำปาง,ลำปาง,31
45,45,ลพบุรี,ลพบุรี,22
45,45,ร้อยเอ็ด,ร้อยเอ็ด,32
45,45,ราชบุรี,ราชบุรี,125
45,45,ระยอง,ระยอง,86
45,45,ระนอง,ระนอง,19
45,45,ยโสธร,ยโสธร,20
45,45,ยะลา,ยะลา,56
45,45,มุกดาหาร,มุกดาหาร,8
45,45,มหาสารคาม,มหาสารคาม,32
45,45,ภูเก็ต,ภูเก็ต,51
45,45,พิษณุโลก,พิษณุโลก,63
45,45,พิจิตร,พิจิตร,43
45,45,พัทลุง,พัทลุง,95
45,45,พังงา,พังงา,30
45,45,พะเยา,พะเยา,56
45,45,พระนครศรีอยุธยา,พระนครศรีอยุธยา,68
45,45,ปัตตานี,ปัตตานี,30
45,45,ปราจีนบุรี,ปราจีนบุรี,17
45,45,ประจวบคีรีขันธ์,ประจวบคีรีขันธ์,56
45,45,ปทุมธานี,ปทุมธานี,93
45,45,บุรีรัมย์,บุรีรัมย์,94
45,45,บึงกาฬ,บึงกาฬ,2
45,45,น่าน,น่าน,20
45,45,นราธิวาส,นราธิวาส,20
45,45,นนทบุรี,นนทบุรี,133
45,45,นครสวรรค์,นครสวรรค์,108
45,45,นครศรีธรรมราช,นครศรีธรรมราช,221
45,45,นครราชสีมา,นครราชสีมา,274
45,45,นครพนม,นครพนม,29
45,45,นครปฐม,นครปฐม,108
45,45,นครนายก,นครนายก,12
45,45,ตาก,ตาก,61
45,45,ตราด,ตราด,2
45,45,ตรัง,ตรัง,76
45,45,ชุมพร,ชุมพร,81
45,45,ชัยภูมิ,ชัยภูมิ,123
45,45,ชัยนาท,ชัยนาท,43
45,45,ชลบุรี,ชลบุรี,173
45,45,ฉะเชิงเทรา,ฉะเชิงเทรา,70
45,45,จันทบุรี,จันทบุรี,39
45,45,ขอนแก่น,ขอนแก่น,103
45,45,กำแพงเพชร,กำแพงเพชร,58
45,45,กาฬสินธุ์,กาฬสินธุ์,29
45,45,กาญจนบุรี,กาญจนบุรี,68
45,45,กรุงเทพมหานคร,กรุงเทพมหานคร,548
45,45,กระบี่,กระบี่,20
44,44,%all%,%all%,2459
44,44,ไม่ระบุ,ไม่ระบุ,2
44,44,แม่ฮ่องสอน,แม่ฮ่องสอน,13
44,44,แพร่,แพร่,20
44,44,เลย,เลย,7
44,44,เพชรบูรณ์,เพชรบูรณ์,29
44,44,เพชรบุรี,เพชรบุรี,20
44,44,เชียงใหม่,เชียงใหม่,113
44,44,เชียงราย,เชียงราย,20
44,44,อ่างทอง,อ่างทอง,6
44,44,อุบลราชธานี,อุบลราชธานี,114
44,44,อุทัยธานี,อุทัยธานี,6
44,44,อุตรดิตถ์,อุตรดิตถ์,10
44,44,อุดรธานี,อุดรธานี,17
44,44,อำนาจเจริญ,อำนาจเจริญ,4
44,44,หนองบัวลำภู,หนองบัวลำภู,12
44,44,หนองคาย,หนองคาย,9
44,44,สุโขทัย,สุโขทัย,24
44,44,สุรินทร์,สุรินทร์,33
44,44,สุราษฎร์ธานี,สุราษฎร์ธานี,62
44,44,สุพรรณบุรี,สุพรรณบุรี,31
44,44,สิงห์บุรี,สิงห์บุรี,4
44,44,สระแก้ว,สระแก้ว,6
44,44,สระบุรี,สระบุรี,16
44,44,สมุทรสาคร,สมุทรสาคร,29
44,44,สมุทรสงคราม,สมุทรสงคราม,9
44,44,สมุทรปราการ,สมุทรปราการ,52
44,44,สตูล,สตูล,4
44,44,สงขลา,สงขลา,72
44,44,สกลนคร,สกลนคร,6
44,44,ศรีสะเกษ,ศรีสะเกษ,21
44,44,ลำพูน,ลำพูน,18
44,44,ลำปาง,ลำปาง,18
44,44,ลพบุรี,ลพบุรี,7
44,44,ร้อยเอ็ด,ร้อยเอ็ด,14
44,44,ราชบุรี,ราชบุรี,58
44,44,ระยอง,ระยอง,33
44,44,ระนอง,ระนอง,9
44,44,ยโสธร,ยโสธร,8
44,44,ยะลา,ยะลา,58
44,44,มุกดาหาร,มุกดาหาร,1
44,44,มหาสารคาม,มหาสารคาม,10
44,44,ภูเก็ต,ภูเก็ต,23
44,44,พิษณุโลก,พิษณุโลก,41
44,44,พิจิตร,พิจิตร,9
44,44,พัทลุง,พัทลุง,35
44,44,พังงา,พังงา,18
44,44,พะเยา,พะเยา,26
44,44,พระนครศรีอยุธยา,พระนครศรีอยุธยา,29
44,44,ปัตตานี,ปัตตานี,20
44,44,ปราจีนบุรี,ปราจีนบุรี,12
44,44,ประจวบคีรีขันธ์,ประจวบคีรีขันธ์,11
44,44,ปทุมธานี,ปทุมธานี,33
44,44,บุรีรัมย์,บุรีรัมย์,50
44,44,บึงกาฬ,บึงกาฬ,5
44,44,น่าน,น่าน,9
44,44,นราธิวาส,นราธิวาส,17
44,44,นนทบุรี,นนทบุรี,57
44,44,นครสวรรค์,นครสวรรค์,40
44,44,นครศรีธรรมราช,นครศรีธรรมราช,94
44,44,นครราชสีมา,นครราชสีมา,138
44,44,นครพนม,นครพนม,10
44,44,นครปฐม,นครปฐม,68
44,44,นครนายก,นครนายก,8
44,44,ตาก,ตาก,21
44,44,ตราด,ตราด,6
44,44,ตรัง,ตรัง,21
44,44,ชุมพร,ชุมพร,35
44,44,ชัยภูมิ,ชัยภูมิ,59
44,44,ชัยนาท,ชัยนาท,17
44,44,ชลบุรี,ชลบุรี,72
44,44,ฉะเชิงเทรา,ฉะเชิงเทรา,36
44,44,จันทบุรี,จันทบุรี,18
44,44,ขอนแก่น,ขอนแก่น,60
44,44,กำแพงเพชร,กำแพงเพชร,17
44,44,กาฬสินธุ์,กาฬสินธุ์,19
44,44,กาญจนบุรี,กาญจนบุรี,27
44,44,กรุงเทพมหานคร,กรุงเทพมหานคร,280
44,44,กระบี่,กระบี่,13
43,43,%all%,%all%,2319
43,43,ไม่ระบุ,ไม่ระบุ,2
43,43,แม่ฮ่องสอน,แม่ฮ่องสอน,16
43,43,แพร่,แพร่,9
43,43,เลย,เลย,10
43,43,เพชรบูรณ์,เพชรบูรณ์,25
43,43,เพชรบุรี,เพชรบุรี,9
43,43,เชียงใหม่,เชียงใหม่,80
43,43,เชียงราย,เชียงราย,17
43,43,อ่างทอง,อ่างทอง,7
43,43,อุบลราชธานี,อุบลราชธานี,90
43,43,อุทัยธานี,อุทัยธานี,10
43,43,อุตรดิตถ์,อุตรดิตถ์,15
43,43,อุดรธานี,อุดรธานี,12
43,43,อำนาจเจริญ,อำนาจเจริญ,13
43,43,หนองบัวลำภู,หนองบัวลำภู,14
43,43,หนองคาย,หนองคาย,9
43,43,สุโขทัย,สุโขทัย,20
43,43,สุรินทร์,สุรินทร์,44
43,43,สุราษฎร์ธานี,สุราษฎร์ธานี,48
43,43,สุพรรณบุรี,สุพรรณบุรี,18
43,43,สิงห์บุรี,สิงห์บุรี,9
43,43,สระแก้ว,สระแก้ว,8
43,43,สระบุรี,สระบุรี,23
43,43,สมุทรสาคร,สมุทรสาคร,19
43,43,สมุทรสงคราม,สมุทรสงคราม,11
43,43,สมุทรปราการ,สมุทรปราการ,65
43,43,สตูล,สตูล,7
43,43,สงขลา,สงขลา,44
43,43,สกลนคร,สกลนคร,6
43,43,ศรีสะเกษ,ศรีสะเกษ,47
43,43,ลำพูน,ลำพูน,9
43,43,ลำปาง,ลำปาง,13
43,43,ลพบุรี,ลพบุรี,27
43,43,ร้อยเอ็ด,ร้อยเอ็ด,25
43,43,ราชบุรี,ราชบุรี,43
43,43,ระยอง,ระยอง,48
43,43,ระนอง,ระนอง,4
43,43,ยโสธร,ยโสธร,12
43,43,ยะลา,ยะลา,29
43,43,มุกดาหาร,มุกดาหาร,5
43,43,มหาสารคาม,มหาสารคาม,11
43,43,ภูเก็ต,ภูเก็ต,10
43,43,พิษณุโลก,พิษณุโลก,34
43,43,พิจิตร,พิจิตร,21
43,43,พัทลุง,พัทลุง,19
43,43,พังงา,พังงา,7
43,43,พะเยา,พะเยา,9
43,43,พระนครศรีอยุธยา,พระนครศรีอยุธยา,45
43,43,ปัตตานี,ปัตตานี,19
43,43,ปราจีนบุรี,ปราจีนบุรี,21
43,43,ประจวบคีรีขันธ์,ประจวบคีรีขันธ์,13
43,43,ปทุมธานี,ปทุมธานี,54
43,43,บุรีรัมย์,บุรีรัมย์,46
43,43,บึงกาฬ,บึงกาฬ,2
43,43,น่าน,น่าน,12
43,43,นราธิวาส,นราธิวาส,18
43,43,นนทบุรี,นนทบุรี,61
43,43,นครสวรรค์,นครสวรรค์,40
43,43,นครศรีธรรมราช,นครศรีธรรมราช,65
43,43,นครราชสีมา,นครราชสีมา,112
43,43,นครพนม,นครพนม,18
43,43,นครปฐม,นครปฐม,42
43,43,นครนายก,นครนายก,14
43,43,ตาก,ตาก,22
43,43,ตราด,ตราด,4
43,43,ตรัง,ตรัง,6
43,43,ชุมพร,ชุมพร,17
43,43,ชัยภูมิ,ชัยภูมิ,52
43,43,ชัยนาท,ชัยนาท,8
43,43,ชลบุรี,ชลบุรี,95
43,43,ฉะเชิงเทรา,ฉะเชิงเทรา,30
43,43,จันทบุรี,จันทบุรี,20
43,43,ขอนแก่น,ขอนแก่น,43
43,43,กำแพงเพชร,กำแพงเพชร,37
43,43,กาฬสินธุ์,กาฬสินธุ์,30
43,43,กาญจนบุรี,กาญจนบุรี,36
43,43,กรุงเทพมหานคร,กรุงเทพมหานคร,292
43,43,กระบี่,กระบี่,12
42,42,%all%,%all%,3395
42,42,ไม่ระบุ,ไม่ระบุ,5
42,42,แม่ฮ่องสอน,แม่ฮ่องสอน,8
42,42,แพร่,แพร่,30
42,42,เลย,เลย,14
42,42,เพชรบูรณ์,เพชรบูรณ์,50
42,42,เพชรบุรี,เพชรบุรี,14
42,42,เชียงใหม่,เชียงใหม่,88
42,42,เชียงราย,เชียงราย,20
42,42,อ่างทอง,อ่างทอง,54
42,42,อุบลราชธานี,อุบลราชธานี,152
42,42,อุทัยธานี,อุทัยธานี,16
42,42,อุตรดิตถ์,อุตรดิตถ์,26
42,42,อุดรธานี,อุดรธานี,21
42,42,อำนาจเจริญ,อำนาจเจริญ,14
42,42,หนองบัวลำภู,หนองบัวลำภู,17
42,42,หนองคาย,หนองคาย,22
42,42,สุโขทัย,สุโขทัย,34
42,42,สุรินทร์,สุรินทร์,49
42,42,สุราษฎร์ธานี,สุราษฎร์ธานี,87
42,42,สุพรรณบุรี,สุพรรณบุรี,53
42,42,สิงห์บุรี,สิงห์บุรี,11
42,42,สระแก้ว,สระแก้ว,12
42,42,สระบุรี,สระบุรี,40
42,42,สมุทรสาคร,สมุทรสาคร,27
42,42,สมุทรสงคราม,สมุทรสงคราม,9
42,42,สมุทรปราการ,สมุทรปราการ,100
42,42,สตูล,สตูล,6
42,42,สงขลา,สงขลา,59
42,42,สกลนคร,สกลนคร,21
42,42,ศรีสะเกษ,ศรีสะเกษ,84
42,42,ลำพูน,ลำพูน,11
42,42,ลำปาง,ลำปาง,22
42,42,ลพบุรี,ลพบุรี,38
42,42,ร้อยเอ็ด,ร้อยเอ็ด,28
42,42,ราชบุรี,ราชบุรี,36
42,42,ระยอง,ระยอง,68
42,42,ระนอง,ระนอง,3
42,42,ยโสธร,ยโสธร,29
42,42,ยะลา,ยะลา,34
42,42,มุกดาหาร,มุกดาหาร,10
42,42,มหาสารคาม,มหาสารคาม,30
42,42,ภูเก็ต,ภูเก็ต,22
42,42,พิษณุโลก,พิษณุโลก,57
42,42,พิจิตร,พิจิตร,17
42,42,พัทลุง,พัทลุง,8
42,42,พังงา,พังงา,6
42,42,พะเยา,พะเยา,13
42,42,พระนครศรีอยุธยา,พระนครศรีอยุธยา,59
42,42,ปัตตานี,ปัตตานี,16
42,42,ปราจีนบุรี,ปราจีนบุรี,21
42,42,ประจวบคีรีขันธ์,ประจวบคีรีขันธ์,19
42,42,ปทุมธานี,ปทุมธานี,49
42,42,บุรีรัมย์,บุรีรัมย์,111
42,42,บึงกาฬ,บึงกาฬ,8
42,42,น่าน,น่าน,15
42,42,นราธิวาส,นราธิวาส,14
42,42,นนทบุรี,นนทบุรี,82
42,42,นครสวรรค์,นครสวรรค์,65
42,42,นครศรีธรรมราช,นครศรีธรรมราช,108
42,42,นครราชสีมา,นครราชสีมา,172
42,42,นครพนม,นครพนม,19
42,42,นครปฐม,นครปฐม,55
42,42,นครนายก,นครนายก,18
42,42,ตาก,ตาก,27
42,42,ตราด,ตราด,11
42,42,ตรัง,ตรัง,18
42,42,ชุมพร,ชุมพร,34
42,42,ชัยภูมิ,ชัยภูมิ,55
42,42,ชัยนาท,ชัยนาท,27
42,42,ชลบุรี,ชลบุรี,148
42,42,ฉะเชิงเทรา,ฉะเชิงเทรา,63
42,42,จันทบุรี,จันทบุรี,40
42,42,ขอนแก่น,ขอนแก่น,76
42,42,กำแพงเพชร,กำแพงเพชร,39
42,42,กาฬสินธุ์,กาฬสินธุ์,51
42,42,กาญจนบุรี,กาญจนบุรี,35
42,42,กรุงเทพมหานคร,กรุงเทพมหานคร,349
42,42,กระบี่,กระบี่,16
41,41,%all%,%all%,5972
41,41,ไม่ระบุ,ไม่ระบุ,1
41,41,แม่ฮ่องสอน,แม่ฮ่องสอน,16
41,41,แพร่,แพร่,46
41,41,เลย,เลย,15
41,41,เพชรบูรณ์,เพชรบูรณ์,87
41,41,เพชรบุรี,เพชรบุรี,16
41,41,เชียงใหม่,เชียงใหม่,87
41,41,เชียงราย,เชียงราย,24
41,41,อ่างทอง,อ่างทอง,8
41,41,อุบลราชธานี,อุบลราชธานี,214
41,41,อุทัยธานี,อุทัยธานี,13
41,41,อุตรดิตถ์,อุตรดิตถ์,20
41,41,อุดรธานี,อุดรธานี,39
41,41,อำนาจเจริญ,อำนาจเจริญ,17
41,41,หนองบัวลำภู,หนองบัวลำภู,53
41,41,หนองคาย,หนองคาย,37
41,41,สุโขทัย,สุโขทัย,81
41,41,สุรินทร์,สุรินทร์,148
41,41,สุราษฎร์ธานี,สุราษฎร์ธานี,138
41,41,สุพรรณบุรี,สุพรรณบุรี,90
41,41,สิงห์บุรี,สิงห์บุรี,26
41,41,สระแก้ว,สระแก้ว,18
41,41,สระบุรี,สระบุรี,79
41,41,สมุทรสาคร,สมุทรสาคร,52
41,41,สมุทรสงคราม,สมุทรสงคราม,38
41,41,สมุทรปราการ,สมุทรปราการ,183
41,41,สตูล,สตูล,7
41,41,สงขลา,สงขลา,67
41,41,สกลนคร,สกลนคร,32
41,41,ศรีสะเกษ,ศรีสะเกษ,131
41,41,ลำพูน,ลำพูน,20
41,41,ลำปาง,ลำปาง,50
41,41,ลพบุรี,ลพบุรี,108
41,41,ร้อยเอ็ด,ร้อยเอ็ด,94
41,41,ราชบุรี,ราชบุรี,57
41,41,ระยอง,ระยอง,130
41,41,ระนอง,ระนอง,9
41,41,ยโสธร,ยโสธร,47
41,41,ยะลา,ยะลา,45
41,41,มุกดาหาร,มุกดาหาร,19
41,41,มหาสารคาม,มหาสารคาม,53
41,41,ภูเก็ต,ภูเก็ต,46
41,41,พิษณุโลก,พิษณุโลก,112
41,41,พิจิตร,พิจิตร,56
41,41,พัทลุง,พัทลุง,14
41,41,พังงา,พังงา,16
41,41,พะเยา,พะเยา,18
41,41,พระนครศรีอยุธยา,พระนครศรีอยุธยา,102
41,41,ปัตตานี,ปัตตานี,27
41,41,ปราจีนบุรี,ปราจีนบุรี,47
41,41,ประจวบคีรีขันธ์,ประจวบคีรีขันธ์,26
41,41,ปทุมธานี,ปทุมธานี,105
41,41,บุรีรัมย์,บุรีรัมย์,194
41,41,บึงกาฬ,บึงกาฬ,11
41,41,น่าน,น่าน,11
41,41,นราธิวาส,นราธิวาส,16
41,41,นนทบุรี,นนทบุรี,175
41,41,นครสวรรค์,นครสวรรค์,114
41,41,นครศรีธรรมราช,นครศรีธรรมราช,124
41,41,นครราชสีมา,นครราชสีมา,314
41,41,นครพนม,นครพนม,29
41,41,นครปฐม,นครปฐม,100
41,41,นครนายก,นครนายก,44
41,41,ตาก,ตาก,54
41,41,ตราด,ตราด,21
41,41,ตรัง,ตรัง,15
41,41,ชุมพร,ชุมพร,37
41,41,ชัยภูมิ,ชัยภูมิ,90
41,41,ชัยนาท,ชัยนาท,29
41,41,ชลบุรี,ชลบุรี,343
41,41,ฉะเชิงเทรา,ฉะเชิงเทรา,135
41,41,จันทบุรี,จันทบุรี,131
41,41,ขอนแก่น,ขอนแก่น,165
41,41,กำแพงเพชร,กำแพงเพชร,69
41,41,กาฬสินธุ์,กาฬสินธุ์,72
41,41,กาญจนบุรี,กาญจนบุรี,68
41,41,กรุงเทพมหานคร,กรุงเทพมหานคร,605
41,41,กระบี่,กระบี่,22
40,40,%all%,%all%,8521
40,40,ไม่ระบุ,ไม่ระบุ,3
40,40,แม่ฮ่องสอน,แม่ฮ่องสอน,6
40,40,แพร่,แพร่,16
40,40,เลย,เลย,30
40,40,เพชรบูรณ์,เพชรบูรณ์,86
40,40,เพชรบุรี,เพชรบุรี,26
40,40,เชียงใหม่,เชียงใหม่,72
40,40,เชียงราย,เชียงราย,26
40,40,อ่างทอง,อ่างทอง,37
40,40,อุบลราชธานี,อุบลราชธานี,313
40,40,อุทัยธานี,อุทัยธานี,13
40,40,อุตรดิตถ์,อุตรดิตถ์,62
40,40,อุดรธานี,อุดรธานี,87
40,40,อำนาจเจริญ,อำนาจเจริญ,26
40,40,หนองบัวลำภู,หนองบัวลำภู,115
40,40,หนองคาย,หนองคาย,64
40,40,สุโขทัย,สุโขทัย,88
40,40,สุรินทร์,สุรินทร์,238
40,40,สุราษฎร์ธานี,สุราษฎร์ธานี,161
40,40,สุพรรณบุรี,สุพรรณบุรี,77
40,40,สิงห์บุรี,สิงห์บุรี,26
40,40,สระแก้ว,สระแก้ว,24
40,40,สระบุรี,สระบุรี,114
40,40,สมุทรสาคร,สมุทรสาคร,89
40,40,สมุทรสงคราม,สมุทรสงคราม,26
40,40,สมุทรปราการ,สมุทรปราการ,288
40,40,สตูล,สตูล,9
40,40,สงขลา,สงขลา,75
40,40,สกลนคร,สกลนคร,77
40,40,ศรีสะเกษ,ศรีสะเกษ,162
40,40,ลำพูน,ลำพูน,16
40,40,ลำปาง,ลำปาง,81
40,40,ลพบุรี,ลพบุรี,224
40,40,ร้อยเอ็ด,ร้อยเอ็ด,122
40,40,ราชบุรี,ราชบุรี,81
40,40,ระยอง,ระยอง,150
40,40,ระนอง,ระนอง,15
40,40,ยโสธร,ยโสธร,48
40,40,ยะลา,ยะลา,37
40,40,มุกดาหาร,มุกดาหาร,26
40,40,มหาสารคาม,มหาสารคาม,60
40,40,ภูเก็ต,ภูเก็ต,104
40,40,พิษณุโลก,พิษณุโลก,147
40,40,พิจิตร,พิจิตร,89
40,40,พัทลุง,พัทลุง,11
40,40,พังงา,พังงา,13
40,40,พะเยา,พะเยา,11
40,40,พระนครศรีอยุธยา,พระนครศรีอยุธยา,129
40,40,ปัตตานี,ปัตตานี,23
40,40,ปราจีนบุรี,ปราจีนบุรี,73
40,40,ประจวบคีรีขันธ์,ประจวบคีรีขันธ์,22
40,40,ปทุมธานี,ปทุมธานี,192
40,40,บุรีรัมย์,บุรีรัมย์,259
40,40,บึงกาฬ,บึงกาฬ,18
40,40,น่าน,น่าน,11
40,40,นราธิวาส,นราธิวาส,31
40,40,นนทบุรี,นนทบุรี,297
40,40,นครสวรรค์,นครสวรรค์,154
40,40,นครศรีธรรมราช,นครศรีธรรมราช,113
40,40,นครราชสีมา,นครราชสีมา,397
40,40,นครพนม,นครพนม,32
40,40,นครปฐม,นครปฐม,138
40,40,นครนายก,นครนายก,51
40,40,ตาก,ตาก,68
40,40,ตราด,ตราด,26
40,40,ตรัง,ตรัง,8
40,40,ชุมพร,ชุมพร,59
40,40,ชัยภูมิ,ชัยภูมิ,120
40,40,ชัยนาท,ชัยนาท,23
40,40,ชลบุรี,ชลบุรี,567
40,40,ฉะเชิงเทรา,ฉะเชิงเทรา,199
40,40,จันทบุรี,จันทบุรี,218
40,40,ขอนแก่น,ขอนแก่น,236
40,40,กำแพงเพชร,กำแพงเพชร,90
40,40,กาฬสินธุ์,กาฬสินธุ์,134
40,40,กาญจนบุรี,กาญจนบุรี,74
40,40,กรุงเทพมหานคร,กรุงเทพมหานคร,1056
40,40,กระบี่,กระบี่,32
39,39,%all%,%all%,9200
39,39,ไม่ระบุ,ไม่ระบุ,4
39,39,แม่ฮ่องสอน,แม่ฮ่องสอน,5
39,39,แพร่,แพร่,7
39,39,เลย,เลย,35
39,39,เพชรบูรณ์,เพชรบูรณ์,80
39,39,เพชรบุรี,เพชรบุรี,39
39,39,เชียงใหม่,เชียงใหม่,85
39,39,เชียงราย,เชียงราย,27
39,39,อ่างทอง,อ่างทอง,59
39,39,อุบลราชธานี,อุบลราชธานี,223
39,39,อุทัยธานี,อุทัยธานี,30
39,39,อุตรดิตถ์,อุตรดิตถ์,58
39,39,อุดรธานี,อุดรธานี,110
39,39,อำนาจเจริญ,อำนาจเจริญ,19
39,39,หนองบัวลำภู,หนองบัวลำภู,78
39,39,หนองคาย,หนองคาย,141
39,39,สุโขทัย,สุโขทัย,78
39,39,สุรินทร์,สุรินทร์,181
39,39,สุราษฎร์ธานี,สุราษฎร์ธานี,122
39,39,สุพรรณบุรี,สุพรรณบุรี,99
39,39,สิงห์บุรี,สิงห์บุรี,55
39,39,สระแก้ว,สระแก้ว,20
39,39,สระบุรี,สระบุรี,107
39,39,สมุทรสาคร,สมุทรสาคร,68
39,39,สมุทรสงคราม,สมุทรสงคราม,17
39,39,สมุทรปราการ,สมุทรปราการ,296
39,39,สตูล,สตูล,6
39,39,สงขลา,สงขลา,102
39,39,สกลนคร,สกลนคร,58
39,39,ศรีสะเกษ,ศรีสะเกษ,111
39,39,ลำพูน,ลำพูน,12
39,39,ลำปาง,ลำปาง,80
39,39,ลพบุรี,ลพบุรี,252
39,39,ร้อยเอ็ด,ร้อยเอ็ด,120
39,39,ราชบุรี,ราชบุรี,72
39,39,ระยอง,ระยอง,125
39,39,ระนอง,ระนอง,19
39,39,ยโสธร,ยโสธร,25
39,39,ยะลา,ยะลา,21
39,39,มุกดาหาร,มุกดาหาร,19
39,39,มหาสารคาม,มหาสารคาม,64
39,39,ภูเก็ต,ภูเก็ต,122
39,39,พิษณุโลก,พิษณุโลก,95
39,39,พิจิตร,พิจิตร,92
39,39,พัทลุง,พัทลุง,13
39,39,พังงา,พังงา,22
39,39,พะเยา,พะเยา,7
39,39,พระนครศรีอยุธยา,พระนครศรีอยุธยา,182
39,39,ปัตตานี,ปัตตานี,22
39,39,ปราจีนบุรี,ปราจีนบุรี,108
39,39,ประจวบคีรีขันธ์,ประจวบคีรีขันธ์,30
39,39,ปทุมธานี,ปทุมธานี,296
39,39,บุรีรัมย์,บุรีรัมย์,228
39,39,บึงกาฬ,บึงกาฬ,17
39,39,น่าน,น่าน,12
39,39,นราธิวาส,นราธิวาส,11
39,39,นนทบุรี,นนทบุรี,444
39,39,นครสวรรค์,นครสวรรค์,151
39,39,นครศรีธรรมราช,นครศรีธรรมราช,112
39,39,นครราชสีมา,นครราชสีมา,334
39,39,นครพนม,นครพนม,14
39,39,นครปฐม,นครปฐม,177
39,39,นครนายก,นครนายก,45
39,39,ตาก,ตาก,61
39,39,ตราด,ตราด,21
39,39,ตรัง,ตรัง,24
39,39,ชุมพร,ชุมพร,36
39,39,ชัยภูมิ,ชัยภูมิ,97
39,39,ชัยนาท,ชัยนาท,24
39,39,ชลบุรี,ชลบุรี,648
39,39,ฉะเชิงเทรา,ฉะเชิงเทรา,187
39,39,จันทบุรี,จันทบุรี,241
39,39,ขอนแก่น,ขอนแก่น,233
39,39,กำแพงเพชร,กำแพงเพชร,77
39,39,กาฬสินธุ์,กาฬสินธุ์,78
39,39,กาญจนบุรี,กาญจนบุรี,40
39,39,กรุงเทพมหานคร,กรุงเทพมหานคร,1746
39,39,กระบี่,กระบี่,24
38,38,%all%,%all%,8629
38,38,ไม่ระบุ,ไม่ระบุ,2
38,38,แม่ฮ่องสอน,แม่ฮ่องสอน,5
38,38,แพร่,แพร่,8
38,38,เลย,เลย,26
38,38,เพชรบูรณ์,เพชรบูรณ์,65
38,38,เพชรบุรี,เพชรบุรี,53
38,38,เชียงใหม่,เชียงใหม่,72
38,38,เชียงราย,เชียงราย,26
38,38,อ่างทอง,อ่างทอง,31
38,38,อุบลราชธานี,อุบลราชธานี,144
38,38,อุทัยธานี,อุทัยธานี,15
38,38,อุตรดิตถ์,อุตรดิตถ์,60
38,38,อุดรธานี,อุดรธานี,157
38,38,อำนาจเจริญ,อำนาจเจริญ,14
38,38,หนองบัวลำภู,หนองบัวลำภู,63
38,38,หนองคาย,หนองคาย,92
38,38,สุโขทัย,สุโขทัย,44
38,38,สุรินทร์,สุรินทร์,142
38,38,สุราษฎร์ธานี,สุราษฎร์ธานี,111
38,38,สุพรรณบุรี,สุพรรณบุรี,75
38,38,สิงห์บุรี,สิงห์บุรี,35
38,38,สระแก้ว,สระแก้ว,20
38,38,สระบุรี,สระบุรี,125
38,38,สมุทรสาคร,สมุทรสาคร,71
38,38,สมุทรสงคราม,สมุทรสงคราม,14
38,38,สมุทรปราการ,สมุทรปราการ,287
38,38,สตูล,สตูล,16
38,38,สงขลา,สงขลา,143
38,38,สกลนคร,สกลนคร,64
38,38,ศรีสะเกษ,ศรีสะเกษ,102
38,38,ลำพูน,ลำพูน,18
38,38,ลำปาง,ลำปาง,39
38,38,ลพบุรี,ลพบุรี,161
38,38,ร้อยเอ็ด,ร้อยเอ็ด,99
38,38,ราชบุรี,ราชบุรี,73
38,38,ระยอง,ระยอง,100
38,38,ระนอง,ระนอง,15
38,38,ยโสธร,ยโสธร,19
38,38,ยะลา,ยะลา,24
38,38,มุกดาหาร,มุกดาหาร,15
38,38,มหาสารคาม,มหาสารคาม,60
38,38,ภูเก็ต,ภูเก็ต,123
38,38,พิษณุโลก,พิษณุโลก,60
38,38,พิจิตร,พิจิตร,68
38,38,พัทลุง,พัทลุง,28
38,38,พังงา,พังงา,19
38,38,พะเยา,พะเยา,5
38,38,พระนครศรีอยุธยา,พระนครศรีอยุธยา,156
38,38,ปัตตานี,ปัตตานี,10
38,38,ปราจีนบุรี,ปราจีนบุรี,109
38,38,ประจวบคีรีขันธ์,ประจวบคีรีขันธ์,25
38,38,ปทุมธานี,ปทุมธานี,297
38,38,บุรีรัมย์,บุรีรัมย์,115
38,38,บึงกาฬ,บึงกาฬ,11
38,38,น่าน,น่าน,7
38,38,นราธิวาส,นราธิวาส,16
38,38,นนทบุรี,นนทบุรี,502
38,38,นครสวรรค์,นครสวรรค์,105
38,38,นครศรีธรรมราช,นครศรีธรรมราช,90
38,38,นครราชสีมา,นครราชสีมา,326
38,38,นครพนม,นครพนม,17
38,38,นครปฐม,นครปฐม,171
38,38,นครนายก,นครนายก,46
38,38,ตาก,ตาก,43
38,38,ตราด,ตราด,41
38,38,ตรัง,ตรัง,35
38,38,ชุมพร,ชุมพร,35
38,38,ชัยภูมิ,ชัยภูมิ,79
38,38,ชัยนาท,ชัยนาท,25
38,38,ชลบุรี,ชลบุรี,550
38,38,ฉะเชิงเทรา,ฉะเชิงเทรา,139
38,38,จันทบุรี,จันทบุรี,177
38,38,ขอนแก่น,ขอนแก่น,214
38,38,กำแพงเพชร,กำแพงเพชร,25
38,38,กาฬสินธุ์,กาฬสินธุ์,67
38,38,กาญจนบุรี,กาญจนบุรี,23
38,38,กรุงเทพมหานคร,กรุงเทพมหานคร,2146
38,38,กระบี่,กระบี่,19
37,37,%all%,%all%,6576
37,37,แม่ฮ่องสอน,แม่ฮ่องสอน,5
37,37,แพร่,แพร่,6
37,37,เลย,เลย,31
37,37,เพชรบูรณ์,เพชรบูรณ์,35
37,37,เพชรบุรี,เพชรบุรี,62
37,37,เชียงใหม่,เชียงใหม่,97
37,37,เชียงราย,เชียงราย,7
37,37,อ่างทอง,อ่างทอง,18
37,37,อุบลราชธานี,อุบลราชธานี,94
37,37,อุทัยธานี,อุทัยธานี,11
37,37,อุตรดิตถ์,อุตรดิตถ์,52
37,37,อุดรธานี,อุดรธานี,162
37,37,อำนาจเจริญ,อำนาจเจริญ,8
37,37,หนองบัวลำภู,หนองบัวลำภู,44
37,37,หนองคาย,หนองคาย,92
37,37,สุโขทัย,สุโขทัย,14
37,37,สุรินทร์,สุรินทร์,83
37,37,สุราษฎร์ธานี,สุราษฎร์ธานี,92
37,37,สุพรรณบุรี,สุพรรณบุรี,76
37,37,สิงห์บุรี,สิงห์บุรี,27
37,37,สระแก้ว,สระแก้ว,16
37,37,สระบุรี,สระบุรี,85
37,37,สมุทรสาคร,สมุทรสาคร,60
37,37,สมุทรสงคราม,สมุทรสงคราม,13
37,37,สมุทรปราการ,สมุทรปราการ,222
37,37,สตูล,สตูล,11
37,37,สงขลา,สงขลา,132
37,37,สกลนคร,สกลนคร,54
37,37,ศรีสะเกษ,ศรีสะเกษ,121
37,37,ลำพูน,ลำพูน,14
37,37,ลำปาง,ลำปาง,32
37,37,ลพบุรี,ลพบุรี,91
37,37,ร้อยเอ็ด,ร้อยเอ็ด,67
37,37,ราชบุรี,ราชบุรี,75
37,37,ระยอง,ระยอง,95
37,37,ระนอง,ระนอง,5
37,37,ยโสธร,ยโสธร,19
37,37,ยะลา,ยะลา,13
37,37,มุกดาหาร,มุกดาหาร,14
37,37,มหาสารคาม,มหาสารคาม,55
37,37,ภูเก็ต,ภูเก็ต,84
37,37,พิษณุโลก,พิษณุโลก,34
37,37,พิจิตร,พิจิตร,45
37,37,พัทลุง,พัทลุง,23
37,37,พังงา,พังงา,20
37,37,พะเยา,พะเยา,6
37,37,พระนครศรีอยุธยา,พระนครศรีอยุธยา,124
37,37,ปัตตานี,ปัตตานี,9
37,37,ปราจีนบุรี,ปราจีนบุรี,60
37,37,ประจวบคีรีขันธ์,ประจวบคีรีขันธ์,26
37,37,ปทุมธานี,ปทุมธานี,198
37,37,บุรีรัมย์,บุรีรัมย์,103
37,37,บึงกาฬ,บึงกาฬ,14
37,37,น่าน,น่าน,14
37,37,นราธิวาส,นราธิวาส,10
37,37,นนทบุรี,นนทบุรี,325
37,37,นครสวรรค์,นครสวรรค์,70
37,37,นครศรีธรรมราช,นครศรีธรรมราช,71
37,37,นครราชสีมา,นครราชสีมา,264
37,37,นครพนม,นครพนม,25
37,37,นครปฐม,นครปฐม,125
37,37,นครนายก,นครนายก,19
37,37,ตาก,ตาก,28
37,37,ตราด,ตราด,37
37,37,ตรัง,ตรัง,66
37,37,ชุมพร,ชุมพร,60
37,37,ชัยภูมิ,ชัยภูมิ,25
37,37,ชัยนาท,ชัยนาท,29
37,37,ชลบุรี,ชลบุรี,325
37,37,ฉะเชิงเทรา,ฉะเชิงเทรา,55
37,37,จันทบุรี,จันทบุรี,106
37,37,ขอนแก่น,ขอนแก่น,122
37,37,กำแพงเพชร,กำแพงเพชร,27
37,37,กาฬสินธุ์,กาฬสินธุ์,49
37,37,กาญจนบุรี,กาญจนบุรี,29
37,37,กรุงเทพมหานคร,กรุงเทพมหานคร,1716
37,37,กระบี่,กระบี่,23
36,36,%all%,%all%,4352
36,36,ไม่ระบุ,ไม่ระบุ,3
36,36,แม่ฮ่องสอน,แม่ฮ่องสอน,1
36,36,แพร่,แพร่,10
36,36,เลย,เลย,31
36,36,เพชรบูรณ์,เพชรบูรณ์,18
36,36,เพชรบุรี,เพชรบุรี,47
36,36,เชียงใหม่,เชียงใหม่,76
36,36,เชียงราย,เชียงราย,10
36,36,อ่างทอง,อ่างทอง,14
36,36,อุบลราชธานี,อุบลราชธานี,72
36,36,อุทัยธานี,อุทัยธานี,10
36,36,อุตรดิตถ์,อุตรดิตถ์,57
36,36,อุดรธานี,อุดรธานี,158
36,36,อำนาจเจริญ,อำนาจเจริญ,5
36,36,หนองบัวลำภู,หนองบัวลำภู,35
36,36,หนองคาย,หนองคาย,62
36,36,สุโขทัย,สุโขทัย,15
36,36,สุรินทร์,สุรินทร์,55
36,36,สุราษฎร์ธานี,สุราษฎร์ธานี,69
36,36,สุพรรณบุรี,สุพรรณบุรี,40
36,36,สิงห์บุรี,สิงห์บุรี,19
36,36,สระแก้ว,สระแก้ว,10
36,36,สระบุรี,สระบุรี,60
36,36,สมุทรสาคร,สมุทรสาคร,46
36,36,สมุทรสงคราม,สมุทรสงคราม,9
36,36,สมุทรปราการ,สมุทรปราการ,205
36,36,สตูล,สตูล,5
36,36,สงขลา,สงขลา,61
36,36,สกลนคร,สกลนคร,41
36,36,ศรีสะเกษ,ศรีสะเกษ,71
36,36,ลำพูน,ลำพูน,5
36,36,ลำปาง,ลำปาง,17
36,36,ลพบุรี,ลพบุรี,58
36,36,ร้อยเอ็ด,ร้อยเอ็ด,58
36,36,ราชบุรี,ราชบุรี,44
36,36,ระยอง,ระยอง,51
36,36,ระนอง,ระนอง,4
36,36,ยโสธร,ยโสธร,7
36,36,ยะลา,ยะลา,17
36,36,มุกดาหาร,มุกดาหาร,7
36,36,มหาสารคาม,มหาสารคาม,34
36,36,ภูเก็ต,ภูเก็ต,100
36,36,พิษณุโลก,พิษณุโลก,33
36,36,พิจิตร,พิจิตร,28
36,36,พัทลุง,พัทลุง,25
36,36,พังงา,พังงา,21
36,36,พะเยา,พะเยา,2
36,36,พระนครศรีอยุธยา,พระนครศรีอยุธยา,99
36,36,ปัตตานี,ปัตตานี,13
36,36,ปราจีนบุรี,ปราจีนบุรี,30
36,36,ประจวบคีรีขันธ์,ประจวบคีรีขันธ์,15
36,36,ปทุมธานี,ปทุมธานี,107
36,36,บุรีรัมย์,บุรีรัมย์,83
36,36,บึงกาฬ,บึงกาฬ,7
36,36,น่าน,น่าน,14
36,36,นราธิวาส,นราธิวาส,12
36,36,นนทบุรี,นนทบุรี,167
36,36,นครสวรรค์,นครสวรรค์,52
36,36,นครศรีธรรมราช,นครศรีธรรมราช,56
36,36,นครราชสีมา,นครราชสีมา,185
36,36,นครพนม,นครพนม,23
36,36,นครปฐม,นครปฐม,76
36,36,นครนายก,นครนายก,22
36,36,ตาก,ตาก,14
36,36,ตราด,ตราด,30
36,36,ตรัง,ตรัง,51
36,36,ชุมพร,ชุมพร,59
36,36,ชัยภูมิ,ชัยภูมิ,21
36,36,ชัยนาท,ชัยนาท,25
36,36,ชลบุรี,ชลบุรี,168
36,36,ฉะเชิงเทรา,ฉะเชิงเทรา,29
36,36,จันทบุรี,จันทบุรี,73
36,36,ขอนแก่น,ขอนแก่น,64
36,36,กำแพงเพชร,กำแพงเพชร,27
36,36,กาฬสินธุ์,กาฬสินธุ์,25
36,36,กาญจนบุรี,กาญจนบุรี,25
36,36,กรุงเทพมหานคร,กรุงเทพมหานคร,923
36,36,กระบี่,กระบี่,31
35,35,%all%,%all%,2939
35,35,แม่ฮ่องสอน,แม่ฮ่องสอน,1
35,35,แพร่,แพร่,3
35,35,เลย,เลย,13
35,35,เพชรบูรณ์,เพชรบูรณ์,33
35,35,เพชรบุรี,เพชรบุรี,31
35,35,เชียงใหม่,เชียงใหม่,75
35,35,เชียงราย,เชียงราย,11
35,35,อ่างทอง,อ่างทอง,9
35,35,อุบลราชธานี,อุบลราชธานี,48
35,35,อุทัยธานี,อุทัยธานี,5
35,35,อุตรดิตถ์,อุตรดิตถ์,32
35,35,อุดรธานี,อุดรธานี,123
35,35,อำนาจเจริญ,อำนาจเจริญ,3
35,35,หนองบัวลำภู,หนองบัวลำภู,21
35,35,หนองคาย,หนองคาย,64
35,35,สุโขทัย,สุโขทัย,14
35,35,สุรินทร์,สุรินทร์,44
35,35,สุราษฎร์ธานี,สุราษฎร์ธานี,35
35,35,สุพรรณบุรี,สุพรรณบุรี,46
35,35,สิงห์บุรี,สิงห์บุรี,18
35,35,สระแก้ว,สระแก้ว,11
35,35,สระบุรี,สระบุรี,21
35,35,สมุทรสาคร,สมุทรสาคร,31
35,35,สมุทรสงคราม,สมุทรสงคราม,7
35,35,สมุทรปราการ,สมุทรปราการ,137
35,35,สตูล,สตูล,10
35,35,สงขลา,สงขลา,52
35,35,สกลนคร,สกลนคร,41
35,35,ศรีสะเกษ,ศรีสะเกษ,49
35,35,ลำพูน,ลำพูน,10
35,35,ลำปาง,ลำปาง,12
35,35,ลพบุรี,ลพบุรี,54
35,35,ร้อยเอ็ด,ร้อยเอ็ด,33
35,35,ราชบุรี,ราชบุรี,37
35,35,ระยอง,ระยอง,38
35,35,ระนอง,ระนอง,1
35,35,ยโสธร,ยโสธร,11
35,35,ยะลา,ยะลา,28
35,35,มุกดาหาร,มุกดาหาร,8
35,35,มหาสารคาม,มหาสารคาม,25
35,35,ภูเก็ต,ภูเก็ต,71
35,35,พิษณุโลก,พิษณุโลก,13
35,35,พิจิตร,พิจิตร,20
35,35,พัทลุง,พัทลุง,27
35,35,พังงา,พังงา,19
35,35,พะเยา,พะเยา,5
35,35,พระนครศรีอยุธยา,พระนครศรีอยุธยา,43
35,35,ปัตตานี,ปัตตานี,5
35,35,ปราจีนบุรี,ปราจีนบุรี,14
35,35,ประจวบคีรีขันธ์,ประจวบคีรีขันธ์,20
35,35,ปทุมธานี,ปทุมธานี,54
35,35,บุรีรัมย์,บุรีรัมย์,42
35,35,บึงกาฬ,บึงกาฬ,7
35,35,น่าน,น่าน,4
35,35,นราธิวาส,นราธิวาส,14
35,35,นนทบุรี,นนทบุรี,80
35,35,นครสวรรค์,นครสวรรค์,28
35,35,นครศรีธรรมราช,นครศรีธรรมราช,56
35,35,นครราชสีมา,นครราชสีมา,56
35,35,นครพนม,นครพนม,19
35,35,นครปฐม,นครปฐม,50
35,35,นครนายก,นครนายก,10
35,35,ตาก,ตาก,21
35,35,ตราด,ตราด,45
35,35,ตรัง,ตรัง,43
35,35,ชุมพร,ชุมพร,21
35,35,ชัยภูมิ,ชัยภูมิ,23
35,35,ชัยนาท,ชัยนาท,13
35,35,ชลบุรี,ชลบุรี,119
35,35,ฉะเชิงเทรา,ฉะเชิงเทรา,35
35,35,จันทบุรี,จันทบุรี,59
35,35,ขอนแก่น,ขอนแก่น,26
35,35,กำแพงเพชร,กำแพงเพชร,22
35,35,กาฬสินธุ์,กาฬสินธุ์,9
35,35,กาญจนบุรี,กาญจนบุรี,14
35,35,กรุงเทพมหานคร,กรุงเทพมหานคร,559
35,35,กระบี่,กระบี่,28
34,34,%all%,%all%,1730
34,34,ไม่ระบุ,ไม่ระบุ,1
34,34,แม่ฮ่องสอน,แม่ฮ่องสอน,4
34,34,แพร่,แพร่,2
34,34,เลย,เลย,12
34,34,เพชรบูรณ์,เพชรบูรณ์,27
34,34,เพชรบุรี,เพชรบุรี,13
34,34,เชียงใหม่,เชียงใหม่,42
34,34,เชียงราย,เชียงราย,3
34,34,อ่างทอง,อ่างทอง,8
34,34,อุบลราชธานี,อุบลราชธานี,33
34,34,อุทัยธานี,อุทัยธานี,0
34,34,อุตรดิตถ์,อุตรดิตถ์,16
34,34,อุดรธานี,อุดรธานี,68
34,34,อำนาจเจริญ,อำนาจเจริญ,0
34,34,หนองบัวลำภู,หนองบัวลำภู,7
34,34,หนองคาย,หนองคาย,24
34,34,สุโขทัย,สุโขทัย,3
34,34,สุรินทร์,สุรินทร์,22
34,34,สุราษฎร์ธานี,สุราษฎร์ธานี,23
34,34,สุพรรณบุรี,สุพรรณบุรี,19
34,34,สิงห์บุรี,สิงห์บุรี,10
34,34,สระแก้ว,สระแก้ว,3
34,34,สระบุรี,สระบุรี,22
34,34,สมุทรสาคร,สมุทรสาคร,14
34,34,สมุทรสงคราม,สมุทรสงคราม,9
34,34,สมุทรปราการ,สมุทรปราการ,68
34,34,สตูล,สตูล,10
34,34,สงขลา,สงขลา,29
34,34,สกลนคร,สกลนคร,34
34,34,ศรีสะเกษ,ศรีสะเกษ,15
34,34,ลำพูน,ลำพูน,3
34,34,ลำปาง,ลำปาง,8
34,34,ลพบุรี,ลพบุรี,42
34,34,ร้อยเอ็ด,ร้อยเอ็ด,19
34,34,ราชบุรี,ราชบุรี,21
34,34,ระยอง,ระยอง,39
34,34,ระนอง,ระนอง,2
34,34,ยโสธร,ยโสธร,12
34,34,ยะลา,ยะลา,24
34,34,มุกดาหาร,มุกดาหาร,11
34,34,มหาสารคาม,มหาสารคาม,6
34,34,ภูเก็ต,ภูเก็ต,40
34,34,พิษณุโลก,พิษณุโลก,5
34,34,พิจิตร,พิจิตร,13
34,34,พัทลุง,พัทลุง,20
34,34,พังงา,พังงา,10
34,34,พะเยา,พะเยา,0
34,34,พระนครศรีอยุธยา,พระนครศรีอยุธยา,43
34,34,ปัตตานี,ปัตตานี,14
34,34,ปราจีนบุรี,ปราจีนบุรี,4
34,34,ประจวบคีรีขันธ์,ประจวบคีรีขันธ์,9
34,34,ปทุมธานี,ปทุมธานี,42
34,34,บุรีรัมย์,บุรีรัมย์,23
34,34,บึงกาฬ,บึงกาฬ,1
34,34,น่าน,น่าน,8
34,34,นราธิวาส,นราธิวาส,13
34,34,นนทบุรี,นนทบุรี,28
34,34,นครสวรรค์,นครสวรรค์,19
34,34,นครศรีธรรมราช,นครศรีธรรมราช,41
34,34,นครราชสีมา,นครราชสีมา,28
34,34,นครพนม,นครพนม,18
34,34,นครปฐม,นครปฐม,33
34,34,นครนายก,นครนายก,10
34,34,ตาก,ตาก,4
34,34,ตราด,ตราด,30
34,34,ตรัง,ตรัง,39
34,34,ชุมพร,ชุมพร,6
34,34,ชัยภูมิ,ชัยภูมิ,16
34,34,ชัยนาท,ชัยนาท,6
34,34,ชลบุรี,ชลบุรี,95
34,34,ฉะเชิงเทรา,ฉะเชิงเทรา,16
34,34,จันทบุรี,จันทบุรี,41
34,34,ขอนแก่น,ขอนแก่น,27
34,34,กำแพงเพชร,กำแพงเพชร,8
34,34,กาฬสินธุ์,กาฬสินธุ์,13
34,34,กาญจนบุรี,กาญจนบุรี,6
34,34,กรุงเทพมหานคร,กรุงเทพมหานคร,250
34,34,กระบี่,กระบี่,23
33,33,%all%,%all%,1238
33,33,ไม่ระบุ,ไม่ระบุ,1
33,33,แม่ฮ่องสอน,แม่ฮ่องสอน,1
33,33,แพร่,แพร่,2
33,33,เลย,เลย,8
33,33,เพชรบูรณ์,เพชรบูรณ์,13
33,33,เพชรบุรี,เพชรบุรี,11
33,33,เชียงใหม่,เชียงใหม่,28
33,33,เชียงราย,เชียงราย,4
33,33,อ่างทอง,อ่างทอง,5
33,33,อุบลราชธานี,อุบลราชธานี,27
33,33,อุทัยธานี,อุทัยธานี,0
33,33,อุตรดิตถ์,อุตรดิตถ์,9
33,33,อุดรธานี,อุดรธานี,36
33,33,อำนาจเจริญ,อำนาจเจริญ,3
33,33,หนองบัวลำภู,หนองบัวลำภู,7
33,33,หนองคาย,หนองคาย,9
33,33,สุโขทัย,สุโขทัย,6
33,33,สุรินทร์,สุรินทร์,15
33,33,สุราษฎร์ธานี,สุราษฎร์ธานี,10
33,33,สุพรรณบุรี,สุพรรณบุรี,30
33,33,สิงห์บุรี,สิงห์บุรี,6
33,33,สระแก้ว,สระแก้ว,6
33,33,สระบุรี,สระบุรี,8
33,33,สมุทรสาคร,สมุทรสาคร,11
33,33,สมุทรสงคราม,สมุทรสงคราม,5
33,33,สมุทรปราการ,สมุทรปราการ,35
33,33,สตูล,สตูล,14
33,33,สงขลา,สงขลา,19
33,33,สกลนคร,สกลนคร,12
33,33,ศรีสะเกษ,ศรีสะเกษ,17
33,33,ลำพูน,ลำพูน,2
33,33,ลำปาง,ลำปาง,5
33,33,ลพบุรี,ลพบุรี,16
33,33,ร้อยเอ็ด,ร้อยเอ็ด,12
33,33,ราชบุรี,ราชบุรี,13
33,33,ระยอง,ระยอง,35
33,33,ระนอง,ระนอง,2
33,33,ยโสธร,ยโสธร,18
33,33,ยะลา,ยะลา,10
33,33,มุกดาหาร,มุกดาหาร,10
33,33,มหาสารคาม,มหาสารคาม,3
33,33,ภูเก็ต,ภูเก็ต,15
33,33,พิษณุโลก,พิษณุโลก,8
33,33,พิจิตร,พิจิตร,7
33,33,พัทลุง,พัทลุง,24
33,33,พังงา,พังงา,3
33,33,พะเยา,พะเยา,1
33,33,พระนครศรีอยุธยา,พระนครศรีอยุธยา,30
33,33,ปัตตานี,ปัตตานี,11
33,33,ปราจีนบุรี,ปราจีนบุรี,4
33,33,ประจวบคีรีขันธ์,ประจวบคีรีขันธ์,11
33,33,ปทุมธานี,ปทุมธานี,31
33,33,บุรีรัมย์,บุรีรัมย์,7
33,33,บึงกาฬ,บึงกาฬ,3
33,33,น่าน,น่าน,4
33,33,นราธิวาส,นราธิวาส,7
33,33,นนทบุรี,นนทบุรี,35
33,33,นครสวรรค์,นครสวรรค์,13
33,33,นครศรีธรรมราช,นครศรีธรรมราช,36
33,33,นครราชสีมา,นครราชสีมา,31
33,33,นครพนม,นครพนม,15
33,33,นครปฐม,นครปฐม,26
33,33,นครนายก,นครนายก,0
33,33,ตาก,ตาก,4
33,33,ตราด,ตราด,24
33,33,ตรัง,ตรัง,17
33,33,ชุมพร,ชุมพร,11
33,33,ชัยภูมิ,ชัยภูมิ,10
33,33,ชัยนาท,ชัยนาท,3
33,33,ชลบุรี,ชลบุรี,59
33,33,ฉะเชิงเทรา,ฉะเชิงเทรา,18
33,33,จันทบุรี,จันทบุรี,33
33,33,ขอนแก่น,ขอนแก่น,22
33,33,กำแพงเพชร,กำแพงเพชร,5
33,33,กาฬสินธุ์,กาฬสินธุ์,6
33,33,กาญจนบุรี,กาญจนบุรี,5
33,33,กรุงเทพมหานคร,กรุงเทพมหานคร,194
33,33,กระบี่,กระบี่,21
32,32,%all%,%all%,1530
32,32,ไม่ระบุ,ไม่ระบุ,1
32,32,แม่ฮ่องสอน,แม่ฮ่องสอน,2
32,32,แพร่,แพร่,4
32,32,เลย,เลย,11
32,32,เพชรบูรณ์,เพชรบูรณ์,13
32,32,เพชรบุรี,เพชรบุรี,9
32,32,เชียงใหม่,เชียงใหม่,33
32,32,เชียงราย,เชียงราย,4
32,32,อ่างทอง,อ่างทอง,11
32,32,อุบลราชธานี,อุบลราชธานี,29
32,32,อุทัยธานี,อุทัยธานี,1
32,32,อุตรดิตถ์,อุตรดิตถ์,14
32,32,อุดรธานี,อุดรธานี,17
32,32,อำนาจเจริญ,อำนาจเจริญ,1
32,32,หนองบัวลำภู,หนองบัวลำภู,2
32,32,หนองคาย,หนองคาย,10
32,32,สุโขทัย,สุโขทัย,3
32,32,สุรินทร์,สุรินทร์,31
32,32,สุราษฎร์ธานี,สุราษฎร์ธานี,7
32,32,สุพรรณบุรี,สุพรรณบุรี,56
32,32,สิงห์บุรี,สิงห์บุรี,21
32,32,สระแก้ว,สระแก้ว,7
32,32,สระบุรี,สระบุรี,11
32,32,สมุทรสาคร,สมุทรสาคร,22
32,32,สมุทรสงคราม,สมุทรสงคราม,5
32,32,สมุทรปราการ,สมุทรปราการ,52
32,32,สตูล,สตูล,11
32,32,สงขลา,สงขลา,24
32,32,สกลนคร,สกลนคร,14
32,32,ศรีสะเกษ,ศรีสะเกษ,5
32,32,ลำพูน,ลำพูน,8
32,32,ลำปาง,ลำปาง,25
32,32,ลพบุรี,ลพบุรี,36
32,32,ร้อยเอ็ด,ร้อยเอ็ด,10
32,32,ราชบุรี,ราชบุรี,18
32,32,ระยอง,ระยอง,36
32,32,ระนอง,ระนอง,4
32,32,ยโสธร,ยโสธร,13
32,32,ยะลา,ยะลา,11
32,32,มุกดาหาร,มุกดาหาร,6
32,32,มหาสารคาม,มหาสารคาม,4
32,32,ภูเก็ต,ภูเก็ต,14
32,32,พิษณุโลก,พิษณุโลก,12
32,32,พิจิตร,พิจิตร,6
32,32,พัทลุง,พัทลุง,25
32,32,พังงา,พังงา,14
32,32,พะเยา,พะเยา,3
32,32,พระนครศรีอยุธยา,พระนครศรีอยุธยา,35
32,32,ปัตตานี,ปัตตานี,7
32,32,ปราจีนบุรี,ปราจีนบุรี,6
32,32,ประจวบคีรีขันธ์,ประจวบคีรีขันธ์,7
32,32,ปทุมธานี,ปทุมธานี,31
32,32,บุรีรัมย์,บุรีรัมย์,22
32,32,บึงกาฬ,บึงกาฬ,3
32,32,น่าน,น่าน,3
32,32,นราธิวาส,นราธิวาส,13
32,32,นนทบุรี,นนทบุรี,33
32,32,นครสวรรค์,นครสวรรค์,14
32,32,นครศรีธรรมราช,นครศรีธรรมราช,37
32,32,นครราชสีมา,นครราชสีมา,45
32,32,นครพนม,นครพนม,37
32,32,นครปฐม,นครปฐม,34
32,32,นครนายก,นครนายก,6
32,32,ตาก,ตาก,7
32,32,ตราด,ตราด,30
32,32,ตรัง,ตรัง,32
32,32,ชุมพร,ชุมพร,17
32,32,ชัยภูมิ,ชัยภูมิ,25
32,32,ชัยนาท,ชัยนาท,5
32,32,ชลบุรี,ชลบุรี,72
32,32,ฉะเชิงเทรา,ฉะเชิงเทรา,22
32,32,จันทบุรี,จันทบุรี,31
32,32,ขอนแก่น,ขอนแก่น,33
32,32,กำแพงเพชร,กำแพงเพชร,7
32,32,กาฬสินธุ์,กาฬสินธุ์,13
32,32,กาญจนบุรี,กาญจนบุรี,10
32,32,กรุงเทพมหานคร,กรุงเทพมหานคร,191
32,32,กระบี่,กระบี่,26
31,31,%all%,%all%,1353
31,31,ไม่ระบุ,ไม่ระบุ,0
31,31,แม่ฮ่องสอน,แม่ฮ่องสอน,2
31,31,แพร่,แพร่,3
31,31,เลย,เลย,13
31,31,เพชรบูรณ์,เพชรบูรณ์,17
31,31,เพชรบุรี,เพชรบุรี,12
31,31,เชียงใหม่,เชียงใหม่,22
31,31,เชียงราย,เชียงราย,3
31,31,อ่างทอง,อ่างทอง,7
31,31,อุบลราชธานี,อุบลราชธานี,45
31,31,อุทัยธานี,อุทัยธานี,1
31,31,อุตรดิตถ์,อุตรดิตถ์,19
31,31,อุดรธานี,อุดรธานี,10
31,31,อำนาจเจริญ,อำนาจเจริญ,7
31,31,หนองบัวลำภู,หนองบัวลำภู,3
31,31,หนองคาย,หนองคาย,7
31,31,สุโขทัย,สุโขทัย,9
31,31,สุรินทร์,สุรินทร์,42
31,31,สุราษฎร์ธานี,สุราษฎร์ธานี,11
31,31,สุพรรณบุรี,สุพรรณบุรี,67
31,31,สิงห์บุรี,สิงห์บุรี,19
31,31,สระแก้ว,สระแก้ว,4
31,31,สระบุรี,สระบุรี,6
31,31,สมุทรสาคร,สมุทรสาคร,5
31,31,สมุทรสงคราม,สมุทรสงคราม,3
31,31,สมุทรปราการ,สมุทรปราการ,38
31,31,สตูล,สตูล,20
31,31,สงขลา,สงขลา,19
31,31,สกลนคร,สกลนคร,18
31,31,ศรีสะเกษ,ศรีสะเกษ,21
31,31,ลำพูน,ลำพูน,4
31,31,ลำปาง,ลำปาง,12
31,31,ลพบุรี,ลพบุรี,16
31,31,ร้อยเอ็ด,ร้อยเอ็ด,9
31,31,ราชบุรี,ราชบุรี,19
31,31,ระยอง,ระยอง,42
31,31,ระนอง,ระนอง,4
31,31,ยโสธร,ยโสธร,21
31,31,ยะลา,ยะลา,12
31,31,มุกดาหาร,มุกดาหาร,9
31,31,มหาสารคาม,มหาสารคาม,4
31,31,ภูเก็ต,ภูเก็ต,12
31,31,พิษณุโลก,พิษณุโลก,7
31,31,พิจิตร,พิจิตร,10
31,31,พัทลุง,พัทลุง,11
31,31,พังงา,พังงา,6
31,31,พะเยา,พะเยา,0
31,31,พระนครศรีอยุธยา,พระนครศรีอยุธยา,21
31,31,ปัตตานี,ปัตตานี,8
31,31,ปราจีนบุรี,ปราจีนบุรี,8
31,31,ประจวบคีรีขันธ์,ประจวบคีรีขันธ์,5
31,31,ปทุมธานี,ปทุมธานี,26
31,31,บุรีรัมย์,บุรีรัมย์,14
31,31,บึงกาฬ,บึงกาฬ,4
31,31,น่าน,น่าน,3
31,31,นราธิวาส,นราธิวาส,5
31,31,นนทบุรี,นนทบุรี,33
31,31,นครสวรรค์,นครสวรรค์,5
31,31,นครศรีธรรมราช,นครศรีธรรมราช,11
31,31,นครราชสีมา,นครราชสีมา,35
31,31,นครพนม,นครพนม,23
31,31,นครปฐม,นครปฐม,22
31,31,นครนายก,นครนายก,11
31,31,ตาก,ตาก,6
31,31,ตราด,ตราด,29
31,31,ตรัง,ตรัง,16
31,31,ชุมพร,ชุมพร,18
31,31,ชัยภูมิ,ชัยภูมิ,19
31,31,ชัยนาท,ชัยนาท,3
31,31,ชลบุรี,ชลบุรี,86
31,31,ฉะเชิงเทรา,ฉะเชิงเทรา,16
31,31,จันทบุรี,จันทบุรี,34
31,31,ขอนแก่น,ขอนแก่น,15
31,31,กำแพงเพชร,กำแพงเพชร,10
31,31,กาฬสินธุ์,กาฬสินธุ์,8
31,31,กาญจนบุรี,กาญจนบุรี,4
31,31,กรุงเทพมหานคร,กรุงเทพมหานคร,183
31,31,กระบี่,กระบี่,21
30,30,%all%,%all%,1233
30,30,แม่ฮ่องสอน,แม่ฮ่องสอน,3
30,30,แพร่,แพร่,1
30,30,เลย,เลย,14
30,30,เพชรบูรณ์,เพชรบูรณ์,13
30,30,เพชรบุรี,เพชรบุรี,6
30,30,เชียงใหม่,เชียงใหม่,16
30,30,เชียงราย,เชียงราย,2
30,30,อ่างทอง,อ่างทอง,2
30,30,อุบลราชธานี,อุบลราชธานี,41
30,30,อุทัยธานี,อุทัยธานี,1
30,30,อุตรดิตถ์,อุตรดิตถ์,10
30,30,อุดรธานี,อุดรธานี,13
30,30,อำนาจเจริญ,อำนาจเจริญ,2
30,30,หนองบัวลำภู,หนองบัวลำภู,6
30,30,หนองคาย,หนองคาย,5
30,30,สุโขทัย,สุโขทัย,2
30,30,สุรินทร์,สุรินทร์,24
30,30,สุราษฎร์ธานี,สุราษฎร์ธานี,15
30,30,สุพรรณบุรี,สุพรรณบุรี,47
30,30,สิงห์บุรี,สิงห์บุรี,14
30,30,สระแก้ว,สระแก้ว,7
30,30,สระบุรี,สระบุรี,11
30,30,สมุทรสาคร,สมุทรสาคร,9
30,30,สมุทรสงคราม,สมุทรสงคราม,4
30,30,สมุทรปราการ,สมุทรปราการ,34
30,30,สตูล,สตูล,21
30,30,สงขลา,สงขลา,6
30,30,สกลนคร,สกลนคร,11
30,30,ศรีสะเกษ,ศรีสะเกษ,11
30,30,ลำพูน,ลำพูน,2
30,30,ลำปาง,ลำปาง,5
30,30,ลพบุรี,ลพบุรี,9
30,30,ร้อยเอ็ด,ร้อยเอ็ด,21
30,30,ราชบุรี,ราชบุรี,15
30,30,ระยอง,ระยอง,30
30,30,ระนอง,ระนอง,7
30,30,ยโสธร,ยโสธร,17
30,30,ยะลา,ยะลา,9
30,30,มุกดาหาร,มุกดาหาร,5
30,30,มหาสารคาม,มหาสารคาม,1
30,30,ภูเก็ต,ภูเก็ต,18
30,30,พิษณุโลก,พิษณุโลก,8
30,30,พิจิตร,พิจิตร,6
30,30,พัทลุง,พัทลุง,12
30,30,พังงา,พังงา,3
30,30,พะเยา,พะเยา,1
30,30,พระนครศรีอยุธยา,พระนครศรีอยุธยา,11
30,30,ปัตตานี,ปัตตานี,17
30,30,ปราจีนบุรี,ปราจีนบุรี,2
30,30,ประจวบคีรีขันธ์,ประจวบคีรีขันธ์,3
30,30,ปทุมธานี,ปทุมธานี,19
30,30,บุรีรัมย์,บุรีรัมย์,18
30,30,บึงกาฬ,บึงกาฬ,4
30,30,น่าน,น่าน,5
30,30,นราธิวาส,นราธิวาส,10
30,30,นนทบุรี,นนทบุรี,26
30,30,นครสวรรค์,นครสวรรค์,12
30,30,นครศรีธรรมราช,นครศรีธรรมราช,18
30,30,นครราชสีมา,นครราชสีมา,34
30,30,นครพนม,นครพนม,28
30,30,นครปฐม,นครปฐม,16
30,30,นครนายก,นครนายก,7
30,30,ตาก,ตาก,2
30,30,ตราด,ตราด,46
30,30,ตรัง,ตรัง,24
30,30,ชุมพร,ชุมพร,14
30,30,ชัยภูมิ,ชัยภูมิ,16
30,30,ชัยนาท,ชัยนาท,3
30,30,ชลบุรี,ชลบุรี,84
30,30,ฉะเชิงเทรา,ฉะเชิงเทรา,28
30,30,จันทบุรี,จันทบุรี,28
30,30,ขอนแก่น,ขอนแก่น,24
30,30,กำแพงเพชร,กำแพงเพชร,6
30,30,กาฬสินธุ์,กาฬสินธุ์,15
30,30,กาญจนบุรี,กาญจนบุรี,1
30,30,กรุงเทพมหานคร,กรุงเทพมหานคร,160
30,30,กระบี่,กระบี่,32
29,29,%all%,%all%,1115
29,29,แม่ฮ่องสอน,แม่ฮ่องสอน,1
29,29,แพร่,แพร่,2
29,29,เลย,เลย,15
29,29,เพชรบูรณ์,เพชรบูรณ์,21
29,29,เพชรบุรี,เพชรบุรี,9
29,29,เชียงใหม่,เชียงใหม่,21
29,29,เชียงราย,เชียงราย,3
29,29,อ่างทอง,อ่างทอง,1
29,29,อุบลราชธานี,อุบลราชธานี,51
29,29,อุทัยธานี,อุทัยธานี,0
29,29,อุตรดิตถ์,อุตรดิตถ์,15
29,29,อุดรธานี,อุดรธานี,14
29,29,อำนาจเจริญ,อำนาจเจริญ,5
29,29,หนองบัวลำภู,หนองบัวลำภู,6
29,29,หนองคาย,หนองคาย,3
29,29,สุโขทัย,สุโขทัย,0
29,29,สุรินทร์,สุรินทร์,22
29,29,สุราษฎร์ธานี,สุราษฎร์ธานี,13
29,29,สุพรรณบุรี,สุพรรณบุรี,21
29,29,สิงห์บุรี,สิงห์บุรี,16
29,29,สระแก้ว,สระแก้ว,10
29,29,สระบุรี,สระบุรี,6
29,29,สมุทรสาคร,สมุทรสาคร,8
29,29,สมุทรสงคราม,สมุทรสงคราม,2
29,29,สมุทรปราการ,สมุทรปราการ,27
29,29,สตูล,สตูล,4
29,29,สงขลา,สงขลา,12
29,29,สกลนคร,สกลนคร,10
29,29,ศรีสะเกษ,ศรีสะเกษ,9
29,29,ลำพูน,ลำพูน,2
29,29,ลำปาง,ลำปาง,3
29,29,ลพบุรี,ลพบุรี,11
29,29,ร้อยเอ็ด,ร้อยเอ็ด,9
29,29,ราชบุรี,ราชบุรี,6
29,29,ระยอง,ระยอง,34
29,29,ระนอง,ระนอง,5
29,29,ยโสธร,ยโสธร,16
29,29,ยะลา,ยะลา,14
29,29,มุกดาหาร,มุกดาหาร,9
29,29,มหาสารคาม,มหาสารคาม,3
29,29,ภูเก็ต,ภูเก็ต,14
29,29,พิษณุโลก,พิษณุโลก,10
29,29,พิจิตร,พิจิตร,4
29,29,พัทลุง,พัทลุง,10
29,29,พังงา,พังงา,3
29,29,พะเยา,พะเยา,0
29,29,พระนครศรีอยุธยา,พระนครศรีอยุธยา,9
29,29,ปัตตานี,ปัตตานี,12
29,29,ปราจีนบุรี,ปราจีนบุรี,1
29,29,ประจวบคีรีขันธ์,ประจวบคีรีขันธ์,7
29,29,ปทุมธานี,ปทุมธานี,16
29,29,บุรีรัมย์,บุรีรัมย์,30
29,29,บึงกาฬ,บึงกาฬ,1
29,29,น่าน,น่าน,17
29,29,นราธิวาส,นราธิวาส,9
29,29,นนทบุรี,นนทบุรี,19
29,29,นครสวรรค์,นครสวรรค์,18
29,29,นครศรีธรรมราช,นครศรีธรรมราช,19
29,29,นครราชสีมา,นครราชสีมา,37
29,29,นครพนม,นครพนม,20
29,29,นครปฐม,นครปฐม,4
29,29,นครนายก,นครนายก,7
29,29,ตาก,ตาก,3
29,29,ตราด,ตราด,15
29,29,ตรัง,ตรัง,38
29,29,ชุมพร,ชุมพร,8
29,29,ชัยภูมิ,ชัยภูมิ,16
29,29,ชัยนาท,ชัยนาท,4
29,29,ชลบุรี,ชลบุรี,71
29,29,ฉะเชิงเทรา,ฉะเชิงเทรา,20
29,29,จันทบุรี,จันทบุรี,34
29,29,ขอนแก่น,ขอนแก่น,19
29,29,กำแพงเพชร,กำแพงเพชร,2
29,29,กาฬสินธุ์,กาฬสินธุ์,6
29,29,กาญจนบุรี,กาญจนบุรี,4
29,29,กรุงเทพมหานคร,กรุงเทพมหานคร,136
29,29,กระบี่,กระบี่,33
28,28,%all%,%all%,1366
28,28,ไม่ระบุ,ไม่ระบุ,1
28,28,แม่ฮ่องสอน,แม่ฮ่องสอน,1
28,28,แพร่,แพร่,2
28,28,เลย,เลย,13
28,28,เพชรบูรณ์,เพชรบูรณ์,14
28,28,เพชรบุรี,เพชรบุรี,21
28,28,เชียงใหม่,เชียงใหม่,24
28,28,เชียงราย,เชียงราย,4
28,28,อ่างทอง,อ่างทอง,0
28,28,อุบลราชธานี,อุบลราชธานี,58
28,28,อุทัยธานี,อุทัยธานี,1
28,28,อุตรดิตถ์,อุตรดิตถ์,14
28,28,อุดรธานี,อุดรธานี,6
28,28,อำนาจเจริญ,อำนาจเจริญ,10
28,28,หนองบัวลำภู,หนองบัวลำภู,11
28,28,หนองคาย,หนองคาย,5
28,28,สุโขทัย,สุโขทัย,1
28,28,สุรินทร์,สุรินทร์,22
28,28,สุราษฎร์ธานี,สุราษฎร์ธานี,11
28,28,สุพรรณบุรี,สุพรรณบุรี,24
28,28,สิงห์บุรี,สิงห์บุรี,19
28,28,สระแก้ว,สระแก้ว,8
28,28,สระบุรี,สระบุรี,8
28,28,สมุทรสาคร,สมุทรสาคร,12
28,28,สมุทรสงคราม,สมุทรสงคราม,0
28,28,สมุทรปราการ,สมุทรปราการ,38
28,28,สตูล,สตูล,14
28,28,สงขลา,สงขลา,13
28,28,สกลนคร,สกลนคร,25
28,28,ศรีสะเกษ,ศรีสะเกษ,10
28,28,ลำพูน,ลำพูน,4
28,28,ลำปาง,ลำปาง,7
28,28,ลพบุรี,ลพบุรี,13
28,28,ร้อยเอ็ด,ร้อยเอ็ด,3
28,28,ราชบุรี,ราชบุรี,14
28,28,ระยอง,ระยอง,57
28,28,ระนอง,ระนอง,0
28,28,ยโสธร,ยโสธร,11
28,28,ยะลา,ยะลา,4
28,28,มุกดาหาร,มุกดาหาร,7
28,28,มหาสารคาม,มหาสารคาม,2
28,28,ภูเก็ต,ภูเก็ต,21
28,28,พิษณุโลก,พิษณุโลก,19
28,28,พิจิตร,พิจิตร,3
28,28,พัทลุง,พัทลุง,5
28,28,พังงา,พังงา,2
28,28,พะเยา,พะเยา,4
28,28,พระนครศรีอยุธยา,พระนครศรีอยุธยา,18
28,28,ปัตตานี,ปัตตานี,9
28,28,ปราจีนบุรี,ปราจีนบุรี,0
28,28,ประจวบคีรีขันธ์,ประจวบคีรีขันธ์,4
28,28,ปทุมธานี,ปทุมธานี,20
28,28,บุรีรัมย์,บุรีรัมย์,31
28,28,บึงกาฬ,บึงกาฬ,4
28,28,น่าน,น่าน,7
28,28,นราธิวาส,นราธิวาส,11
28,28,นนทบุรี,นนทบุรี,32
28,28,นครสวรรค์,นครสวรรค์,16
28,28,นครศรีธรรมราช,นครศรีธรรมราช,21
28,28,นครราชสีมา,นครราชสีมา,30
28,28,นครพนม,นครพนม,24
28,28,นครปฐม,นครปฐม,18
28,28,นครนายก,นครนายก,7
28,28,ตาก,ตาก,2
28,28,ตราด,ตราด,19
28,28,ตรัง,ตรัง,44
28,28,ชุมพร,ชุมพร,9
28,28,ชัยภูมิ,ชัยภูมิ,8
28,28,ชัยนาท,ชัยนาท,5
28,28,ชลบุรี,ชลบุรี,105
28,28,ฉะเชิงเทรา,ฉะเชิงเทรา,22
28,28,จันทบุรี,จันทบุรี,26
28,28,ขอนแก่น,ขอนแก่น,62
28,28,กำแพงเพชร,กำแพงเพชร,5
28,28,กาฬสินธุ์,กาฬสินธุ์,15
28,28,กาญจนบุรี,กาญจนบุรี,3
28,28,กรุงเทพมหานคร,กรุงเทพมหานคร,200
28,28,กระบี่,กระบี่,23
27,27,%all%,%all%,1520
27,27,ไม่ระบุ,ไม่ระบุ,0
27,27,แม่ฮ่องสอน,แม่ฮ่องสอน,2
27,27,แพร่,แพร่,7
27,27,เลย,เลย,17
27,27,เพชรบูรณ์,เพชรบูรณ์,33
27,27,เพชรบุรี,เพชรบุรี,25
27,27,เชียงใหม่,เชียงใหม่,22
27,27,เชียงราย,เชียงราย,3
27,27,อ่างทอง,อ่างทอง,1
27,27,อุบลราชธานี,อุบลราชธานี,45
27,27,อุทัยธานี,อุทัยธานี,1
27,27,อุตรดิตถ์,อุตรดิตถ์,21
27,27,อุดรธานี,อุดรธานี,12
27,27,อำนาจเจริญ,อำนาจเจริญ,18
27,27,หนองบัวลำภู,หนองบัวลำภู,8
27,27,หนองคาย,หนองคาย,9
27,27,สุโขทัย,สุโขทัย,2
27,27,สุรินทร์,สุรินทร์,27
27,27,สุราษฎร์ธานี,สุราษฎร์ธานี,7
27,27,สุพรรณบุรี,สุพรรณบุรี,29
27,27,สิงห์บุรี,สิงห์บุรี,16
27,27,สระแก้ว,สระแก้ว,13
27,27,สระบุรี,สระบุรี,3
27,27,สมุทรสาคร,สมุทรสาคร,23
27,27,สมุทรสงคราม,สมุทรสงคราม,1
27,27,สมุทรปราการ,สมุทรปราการ,57
27,27,สตูล,สตูล,8
27,27,สงขลา,สงขลา,12
27,27,สกลนคร,สกลนคร,15
27,27,ศรีสะเกษ,ศรีสะเกษ,15
27,27,ลำพูน,ลำพูน,1
27,27,ลำปาง,ลำปาง,0
27,27,ลพบุรี,ลพบุรี,17
27,27,ร้อยเอ็ด,ร้อยเอ็ด,6
27,27,ราชบุรี,ราชบุรี,9
27,27,ระยอง,ระยอง,61
27,27,ระนอง,ระนอง,0
27,27,ยโสธร,ยโสธร,15
27,27,ยะลา,ยะลา,12
27,27,มุกดาหาร,มุกดาหาร,11
27,27,มหาสารคาม,มหาสารคาม,4
27,27,ภูเก็ต,ภูเก็ต,18
27,27,พิษณุโลก,พิษณุโลก,17
27,27,พิจิตร,พิจิตร,4
27,27,พัทลุง,พัทลุง,7
27,27,พังงา,พังงา,9
27,27,พะเยา,พะเยา,9
27,27,พระนครศรีอยุธยา,พระนครศรีอยุธยา,27
27,27,ปัตตานี,ปัตตานี,5
27,27,ปราจีนบุรี,ปราจีนบุรี,1
27,27,ประจวบคีรีขันธ์,ประจวบคีรีขันธ์,3
27,27,ปทุมธานี,ปทุมธานี,26
27,27,บุรีรัมย์,บุรีรัมย์,18
27,27,บึงกาฬ,บึงกาฬ,2
27,27,น่าน,น่าน,2
27,27,นราธิวาส,นราธิวาส,14
27,27,นนทบุรี,นนทบุรี,47
27,27,นครสวรรค์,นครสวรรค์,17
27,27,นครศรีธรรมราช,นครศรีธรรมราช,29
27,27,นครราชสีมา,นครราชสีมา,46
27,27,นครพนม,นครพนม,36
27,27,นครปฐม,นครปฐม,21
27,27,นครนายก,นครนายก,23
27,27,ตาก,ตาก,1
27,27,ตราด,ตราด,21
27,27,ตรัง,ตรัง,41
27,27,ชุมพร,ชุมพร,17
27,27,ชัยภูมิ,ชัยภูมิ,8
27,27,ชัยนาท,ชัยนาท,10
27,27,ชลบุรี,ชลบุรี,107
27,27,ฉะเชิงเทรา,ฉะเชิงเทรา,21
27,27,จันทบุรี,จันทบุรี,22
27,27,ขอนแก่น,ขอนแก่น,61
27,27,กำแพงเพชร,กำแพงเพชร,2
27,27,กาฬสินธุ์,กาฬสินธุ์,7
27,27,กาญจนบุรี,กาญจนบุรี,9
27,27,กรุงเทพมหานคร,กรุงเทพมหานคร,195
27,27,กระบี่,กระบี่,29
26,26,%all%,%all%,1247
26,26,ไม่ระบุ,ไม่ระบุ,2
26,26,แม่ฮ่องสอน,แม่ฮ่องสอน,1
26,26,แพร่,แพร่,6
26,26,เลย,เลย,4
26,26,เพชรบูรณ์,เพชรบูรณ์,13
26,26,เพชรบุรี,เพชรบุรี,13
26,26,เชียงใหม่,เชียงใหม่,16
26,26,เชียงราย,เชียงราย,1
26,26,อ่างทอง,อ่างทอง,1
26,26,อุบลราชธานี,อุบลราชธานี,46
26,26,อุทัยธานี,อุทัยธานี,1
26,26,อุตรดิตถ์,อุตรดิตถ์,10
26,26,อุดรธานี,อุดรธานี,8
26,26,อำนาจเจริญ,อำนาจเจริญ,13
26,26,หนองบัวลำภู,หนองบัวลำภู,13
26,26,หนองคาย,หนองคาย,5
26,26,สุโขทัย,สุโขทัย,5
26,26,สุรินทร์,สุรินทร์,42
26,26,สุราษฎร์ธานี,สุราษฎร์ธานี,14
26,26,สุพรรณบุรี,สุพรรณบุรี,21
26,26,สิงห์บุรี,สิงห์บุรี,16
26,26,สระแก้ว,สระแก้ว,8
26,26,สระบุรี,สระบุรี,11
26,26,สมุทรสาคร,สมุทรสาคร,13
26,26,สมุทรสงคราม,สมุทรสงคราม,1
26,26,สมุทรปราการ,สมุทรปราการ,58
26,26,สตูล,สตูล,4
26,26,สงขลา,สงขลา,12
26,26,สกลนคร,สกลนคร,7
26,26,ศรีสะเกษ,ศรีสะเกษ,12
26,26,ลำพูน,ลำพูน,1
26,26,ลำปาง,ลำปาง,7
26,26,ลพบุรี,ลพบุรี,6
26,26,ร้อยเอ็ด,ร้อยเอ็ด,8
26,26,ราชบุรี,ราชบุรี,8
26,26,ระยอง,ระยอง,62
26,26,ระนอง,ระนอง,0
26,26,ยโสธร,ยโสธร,6
26,26,ยะลา,ยะลา,2
26,26,มุกดาหาร,มุกดาหาร,6
26,26,มหาสารคาม,มหาสารคาม,2
26,26,ภูเก็ต,ภูเก็ต,27
26,26,พิษณุโลก,พิษณุโลก,15
26,26,พิจิตร,พิจิตร,1
26,26,พัทลุง,พัทลุง,11
26,26,พังงา,พังงา,8
26,26,พะเยา,พะเยา,9
26,26,พระนครศรีอยุธยา,พระนครศรีอยุธยา,20
26,26,ปัตตานี,ปัตตานี,5
26,26,ปราจีนบุรี,ปราจีนบุรี,5
26,26,ประจวบคีรีขันธ์,ประจวบคีรีขันธ์,4
26,26,ปทุมธานี,ปทุมธานี,10
26,26,บุรีรัมย์,บุรีรัมย์,5
26,26,บึงกาฬ,บึงกาฬ,1
26,26,น่าน,น่าน,3
26,26,นราธิวาส,นราธิวาส,7
26,26,นนทบุรี,นนทบุรี,36
26,26,นครสวรรค์,นครสวรรค์,12
26,26,นครศรีธรรมราช,นครศรีธรรมราช,38
26,26,นครราชสีมา,นครราชสีมา,31
26,26,นครพนม,นครพนม,10
26,26,นครปฐม,นครปฐม,13
26,26,นครนายก,นครนายก,6
26,26,ตาก,ตาก,1
26,26,ตราด,ตราด,19
26,26,ตรัง,ตรัง,42
26,26,ชุมพร,ชุมพร,8
26,26,ชัยภูมิ,ชัยภูมิ,21
26,26,ชัยนาท,ชัยนาท,1
26,26,ชลบุรี,ชลบุรี,98
26,26,ฉะเชิงเทรา,ฉะเชิงเทรา,11
26,26,จันทบุรี,จันทบุรี,35
26,26,ขอนแก่น,ขอนแก่น,42
26,26,กำแพงเพชร,กำแพงเพชร,7
26,26,กาฬสินธุ์,กาฬสินธุ์,6
26,26,กาญจนบุรี,กาญจนบุรี,12
26,26,กรุงเทพมหานคร,กรุงเทพมหานคร,153
26,26,กระบี่,กระบี่,29
25,25,%all%,%all%,1020
25,25,ไม่ระบุ,ไม่ระบุ,1
25,25,แม่ฮ่องสอน,แม่ฮ่องสอน,2
25,25,แพร่,แพร่,2
25,25,เลย,เลย,6
25,25,เพชรบูรณ์,เพชรบูรณ์,7
25,25,เพชรบุรี,เพชรบุรี,12
25,25,เชียงใหม่,เชียงใหม่,13
25,25,เชียงราย,เชียงราย,1
25,25,อ่างทอง,อ่างทอง,1
25,25,อุบลราชธานี,อุบลราชธานี,42
25,25,อุทัยธานี,อุทัยธานี,1
25,25,อุตรดิตถ์,อุตรดิตถ์,3
25,25,อุดรธานี,อุดรธานี,9
25,25,อำนาจเจริญ,อำนาจเจริญ,12
25,25,หนองบัวลำภู,หนองบัวลำภู,10
25,25,หนองคาย,หนองคาย,6
25,25,สุโขทัย,สุโขทัย,0
25,25,สุรินทร์,สุรินทร์,28
25,25,สุราษฎร์ธานี,สุราษฎร์ธานี,14
25,25,สุพรรณบุรี,สุพรรณบุรี,6
25,25,สิงห์บุรี,สิงห์บุรี,7
25,25,สระแก้ว,สระแก้ว,12
25,25,สระบุรี,สระบุรี,5
25,25,สมุทรสาคร,สมุทรสาคร,8
25,25,สมุทรสงคราม,สมุทรสงคราม,1
25,25,สมุทรปราการ,สมุทรปราการ,53
25,25,สตูล,สตูล,4
25,25,สงขลา,สงขลา,9
25,25,สกลนคร,สกลนคร,2
25,25,ศรีสะเกษ,ศรีสะเกษ,13
25,25,ลำพูน,ลำพูน,3
25,25,ลำปาง,ลำปาง,8
25,25,ลพบุรี,ลพบุรี,2
25,25,ร้อยเอ็ด,ร้อยเอ็ด,9
25,25,ราชบุรี,ราชบุรี,6
25,25,ระยอง,ระยอง,43
25,25,ระนอง,ระนอง,0
25,25,ยโสธร,ยโสธร,9
25,25,ยะลา,ยะลา,5
25,25,มุกดาหาร,มุกดาหาร,13
25,25,มหาสารคาม,มหาสารคาม,7
25,25,ภูเก็ต,ภูเก็ต,17
25,25,พิษณุโลก,พิษณุโลก,13
25,25,พิจิตร,พิจิตร,2
25,25,พัทลุง,พัทลุง,12
25,25,พังงา,พังงา,6
25,25,พะเยา,พะเยา,16
25,25,พระนครศรีอยุธยา,พระนครศรีอยุธยา,13
25,25,ปัตตานี,ปัตตานี,4
25,25,ปราจีนบุรี,ปราจีนบุรี,8
25,25,ประจวบคีรีขันธ์,ประจวบคีรีขันธ์,3
25,25,ปทุมธานี,ปทุมธานี,16
25,25,บุรีรัมย์,บุรีรัมย์,11
25,25,บึงกาฬ,บึงกาฬ,2
25,25,น่าน,น่าน,3
25,25,นราธิวาส,นราธิวาส,2
25,25,นนทบุรี,นนทบุรี,17
25,25,นครสวรรค์,นครสวรรค์,8
25,25,นครศรีธรรมราช,นครศรีธรรมราช,21
25,25,นครราชสีมา,นครราชสีมา,41
25,25,นครพนม,นครพนม,11
25,25,นครปฐม,นครปฐม,13
25,25,นครนายก,นครนายก,4
25,25,ตาก,ตาก,0
25,25,ตราด,ตราด,13
25,25,ตรัง,ตรัง,23
25,25,ชุมพร,ชุมพร,6
25,25,ชัยภูมิ,ชัยภูมิ,15
25,25,ชัยนาท,ชัยนาท,2
25,25,ชลบุรี,ชลบุรี,84
25,25,ฉะเชิงเทรา,ฉะเชิงเทรา,23
25,25,จันทบุรี,จันทบุรี,24
25,25,ขอนแก่น,ขอนแก่น,41
25,25,กำแพงเพชร,กำแพงเพชร,5
25,25,กาฬสินธุ์,กาฬสินธุ์,6
25,25,กาญจนบุรี,กาญจนบุรี,5
25,25,กรุงเทพมหานคร,กรุงเทพมหานคร,116
25,25,กระบี่,กระบี่,19
24,24,%all%,%all%,786
24,24,แม่ฮ่องสอน,แม่ฮ่องสอน,1
24,24,แพร่,แพร่,1
24,24,เลย,เลย,0
24,24,เพชรบูรณ์,เพชรบูรณ์,7
24,24,เพชรบุรี,เพชรบุรี,5
24,24,เชียงใหม่,เชียงใหม่,12
24,24,เชียงราย,เชียงราย,4
24,24,อ่างทอง,อ่างทอง,3
24,24,อุบลราชธานี,อุบลราชธานี,46
24,24,อุทัยธานี,อุทัยธานี,3
24,24,อุตรดิตถ์,อุตรดิตถ์,6
24,24,อุดรธานี,อุดรธานี,11
24,24,อำนาจเจริญ,อำนาจเจริญ,5
24,24,หนองบัวลำภู,หนองบัวลำภู,5
24,24,หนองคาย,หนองคาย,10
24,24,สุโขทัย,สุโขทัย,2
24,24,สุรินทร์,สุรินทร์,37
24,24,สุราษฎร์ธานี,สุราษฎร์ธานี,5
24,24,สุพรรณบุรี,สุพรรณบุรี,4
24,24,สิงห์บุรี,สิงห์บุรี,4
24,24,สระแก้ว,สระแก้ว,6
24,24,สระบุรี,สระบุรี,2
24,24,สมุทรสาคร,สมุทรสาคร,6
24,24,สมุทรสงคราม,สมุทรสงคราม,0
24,24,สมุทรปราการ,สมุทรปราการ,30
24,24,สตูล,สตูล,2
24,24,สงขลา,สงขลา,11
24,24,สกลนคร,สกลนคร,3
24,24,ศรีสะเกษ,ศรีสะเกษ,12
24,24,ลำพูน,ลำพูน,0
24,24,ลำปาง,ลำปาง,4
24,24,ลพบุรี,ลพบุรี,5
24,24,ร้อยเอ็ด,ร้อยเอ็ด,5
24,24,ราชบุรี,ราชบุรี,2
24,24,ระยอง,ระยอง,30
24,24,ระนอง,ระนอง,1
24,24,ยโสธร,ยโสธร,4
24,24,ยะลา,ยะลา,0
24,24,มุกดาหาร,มุกดาหาร,8
24,24,มหาสารคาม,มหาสารคาม,6
24,24,ภูเก็ต,ภูเก็ต,7
24,24,พิษณุโลก,พิษณุโลก,9
24,24,พิจิตร,พิจิตร,7
24,24,พัทลุง,พัทลุง,6
24,24,พังงา,พังงา,1
24,24,พะเยา,พะเยา,11
24,24,พระนครศรีอยุธยา,พระนครศรีอยุธยา,10
24,24,ปัตตานี,ปัตตานี,5
24,24,ปราจีนบุรี,ปราจีนบุรี,4
24,24,ประจวบคีรีขันธ์,ประจวบคีรีขันธ์,3
24,24,ปทุมธานี,ปทุมธานี,11
24,24,บุรีรัมย์,บุรีรัมย์,3
24,24,บึงกาฬ,บึงกาฬ,3
24,24,น่าน,น่าน,7
24,24,นราธิวาส,นราธิวาส,4
24,24,นนทบุรี,นนทบุรี,14
24,24,นครสวรรค์,นครสวรรค์,8
24,24,นครศรีธรรมราช,นครศรีธรรมราช,15
24,24,นครราชสีมา,นครราชสีมา,36
24,24,นครพนม,นครพนม,9
24,24,นครปฐม,นครปฐม,13
24,24,นครนายก,นครนายก,0
24,24,ตาก,ตาก,0
24,24,ตราด,ตราด,11
24,24,ตรัง,ตรัง,12
24,24,ชุมพร,ชุมพร,2
24,24,ชัยภูมิ,ชัยภูมิ,14
24,24,ชัยนาท,ชัยนาท,1
24,24,ชลบุรี,ชลบุรี,70
24,24,ฉะเชิงเทรา,ฉะเชิงเทรา,18
24,24,จันทบุรี,จันทบุรี,25
24,24,ขอนแก่น,ขอนแก่น,24
24,24,กำแพงเพชร,กำแพงเพชร,8
24,24,กาฬสินธุ์,กาฬสินธุ์,1
24,24,กาญจนบุรี,กาญจนบุรี,8
24,24,กรุงเทพมหานคร,กรุงเทพมหานคร,92
24,24,กระบี่,กระบี่,6
23,23,%all%,%all%,823
23,23,แม่ฮ่องสอน,แม่ฮ่องสอน,1
23,23,แพร่,แพร่,5
23,23,เลย,เลย,3
23,23,เพชรบูรณ์,เพชรบูรณ์,15
23,23,เพชรบุรี,เพชรบุรี,2
23,23,เชียงใหม่,เชียงใหม่,5
23,23,เชียงราย,เชียงราย,0
23,23,อ่างทอง,อ่างทอง,1
23,23,อุบลราชธานี,อุบลราชธานี,46
23,23,อุทัยธานี,อุทัยธานี,3
23,23,อุตรดิตถ์,อุตรดิตถ์,4
23,23,อุดรธานี,อุดรธานี,7
23,23,อำนาจเจริญ,อำนาจเจริญ,4
23,23,หนองบัวลำภู,หนองบัวลำภู,3
23,23,หนองคาย,หนองคาย,16
23,23,สุโขทัย,สุโขทัย,1
23,23,สุรินทร์,สุรินทร์,24
23,23,สุราษฎร์ธานี,สุราษฎร์ธานี,8
23,23,สุพรรณบุรี,สุพรรณบุรี,5
23,23,สิงห์บุรี,สิงห์บุรี,4
23,23,สระแก้ว,สระแก้ว,7
23,23,สระบุรี,สระบุรี,5
23,23,สมุทรสาคร,สมุทรสาคร,6
23,23,สมุทรสงคราม,สมุทรสงคราม,2
23,23,สมุทรปราการ,สมุทรปราการ,38
23,23,สตูล,สตูล,4
23,23,สงขลา,สงขลา,12
23,23,สกลนคร,สกลนคร,3
23,23,ศรีสะเกษ,ศรีสะเกษ,15
23,23,ลำพูน,ลำพูน,4
23,23,ลำปาง,ลำปาง,4
23,23,ลพบุรี,ลพบุรี,9
23,23,ร้อยเอ็ด,ร้อยเอ็ด,8
23,23,ราชบุรี,ราชบุรี,6
23,23,ระยอง,ระยอง,25
23,23,ระนอง,ระนอง,1
23,23,ยโสธร,ยโสธร,6
23,23,ยะลา,ยะลา,5
23,23,มุกดาหาร,มุกดาหาร,6
23,23,มหาสารคาม,มหาสารคาม,3
23,23,ภูเก็ต,ภูเก็ต,10
23,23,พิษณุโลก,พิษณุโลก,6
23,23,พิจิตร,พิจิตร,0
23,23,พัทลุง,พัทลุง,4
23,23,พังงา,พังงา,0
23,23,พะเยา,พะเยา,2
23,23,พระนครศรีอยุธยา,พระนครศรีอยุธยา,10
23,23,ปัตตานี,ปัตตานี,2
23,23,ปราจีนบุรี,ปราจีนบุรี,3
23,23,ประจวบคีรีขันธ์,ประจวบคีรีขันธ์,7
23,23,ปทุมธานี,ปทุมธานี,10
23,23,บุรีรัมย์,บุรีรัมย์,16
23,23,บึงกาฬ,บึงกาฬ,3
23,23,น่าน,น่าน,2
23,23,นราธิวาส,นราธิวาส,1
23,23,นนทบุรี,นนทบุรี,17
23,23,นครสวรรค์,นครสวรรค์,13
23,23,นครศรีธรรมราช,นครศรีธรรมราช,10
23,23,นครราชสีมา,นครราชสีมา,45
23,23,นครพนม,นครพนม,6
23,23,นครปฐม,นครปฐม,8
23,23,นครนายก,นครนายก,0
23,23,ตาก,ตาก,3
23,23,ตราด,ตราด,12
23,23,ตรัง,ตรัง,5
23,23,ชุมพร,ชุมพร,6
23,23,ชัยภูมิ,ชัยภูมิ,19
23,23,ชัยนาท,ชัยนาท,2
23,23,ชลบุรี,ชลบุรี,48
23,23,ฉะเชิงเทรา,ฉะเชิงเทรา,31
23,23,จันทบุรี,จันทบุรี,34
23,23,ขอนแก่น,ขอนแก่น,30
23,23,กำแพงเพชร,กำแพงเพชร,3
23,23,กาฬสินธุ์,กาฬสินธุ์,13
23,23,กาญจนบุรี,กาญจนบุรี,10
23,23,กรุงเทพมหานคร,กรุงเทพมหานคร,97
23,23,กระบี่,กระบี่,9
22,22,%all%,%all%,1097
22,22,ไม่ระบุ,ไม่ระบุ,2
22,22,แม่ฮ่องสอน,แม่ฮ่องสอน,0
22,22,แพร่,แพร่,1
22,22,เลย,เลย,10
22,22,เพชรบูรณ์,เพชรบูรณ์,15
22,22,เพชรบุรี,เพชรบุรี,4
22,22,เชียงใหม่,เชียงใหม่,7
22,22,เชียงราย,เชียงราย,3
22,22,อ่างทอง,อ่างทอง,1
22,22,อุบลราชธานี,อุบลราชธานี,56
22,22,อุทัยธานี,อุทัยธานี,2
22,22,อุตรดิตถ์,อุตรดิตถ์,1
22,22,อุดรธานี,อุดรธานี,15
22,22,อำนาจเจริญ,อำนาจเจริญ,6
22,22,หนองบัวลำภู,หนองบัวลำภู,9
22,22,หนองคาย,หนองคาย,8
22,22,สุโขทัย,สุโขทัย,2
22,22,สุรินทร์,สุรินทร์,27
22,22,สุราษฎร์ธานี,สุราษฎร์ธานี,21
22,22,สุพรรณบุรี,สุพรรณบุรี,6
22,22,สิงห์บุรี,สิงห์บุรี,3
22,22,สระแก้ว,สระแก้ว,11
22,22,สระบุรี,สระบุรี,8
22,22,สมุทรสาคร,สมุทรสาคร,16
22,22,สมุทรปราการ,สมุทรปราการ,42
22,22,สตูล,สตูล,6
22,22,สงขลา,สงขลา,15
22,22,สกลนคร,สกลนคร,2
22,22,ศรีสะเกษ,ศรีสะเกษ,18
22,22,ลำพูน,ลำพูน,4
22,22,ลำปาง,ลำปาง,5
22,22,ลพบุรี,ลพบุรี,10
22,22,ร้อยเอ็ด,ร้อยเอ็ด,3
22,22,ราชบุรี,ราชบุรี,6
22,22,ระยอง,ระยอง,30
22,22,ระนอง,ระนอง,1
22,22,ยโสธร,ยโสธร,5
22,22,ยะลา,ยะลา,9
22,22,มุกดาหาร,มุกดาหาร,7
22,22,มหาสารคาม,มหาสารคาม,20
22,22,ภูเก็ต,ภูเก็ต,7
22,22,พิษณุโลก,พิษณุโลก,11
22,22,พิจิตร,พิจิตร,5
22,22,พัทลุง,พัทลุง,10
22,22,พังงา,พังงา,7
22,22,พะเยา,พะเยา,5
22,22,พระนครศรีอยุธยา,พระนครศรีอยุธยา,5
22,22,ปัตตานี,ปัตตานี,4
22,22,ปราจีนบุรี,ปราจีนบุรี,8
22,22,ประจวบคีรีขันธ์,ประจวบคีรีขันธ์,4
22,22,ปทุมธานี,ปทุมธานี,15
22,22,บุรีรัมย์,บุรีรัมย์,22
22,22,บึงกาฬ,บึงกาฬ,0
22,22,น่าน,น่าน,7
22,22,นราธิวาส,นราธิวาส,15
22,22,นนทบุรี,นนทบุรี,29
22,22,นครสวรรค์,นครสวรรค์,19
22,22,นครศรีธรรมราช,นครศรีธรรมราช,23
22,22,นครราชสีมา,นครราชสีมา,78
22,22,นครพนม,นครพนม,4
22,22,นครปฐม,นครปฐม,25
22,22,นครนายก,นครนายก,3
22,22,ตาก,ตาก,1
22,22,ตราด,ตราด,24
22,22,ตรัง,ตรัง,4
22,22,ชุมพร,ชุมพร,14
22,22,ชัยภูมิ,ชัยภูมิ,28
22,22,ชัยนาท,ชัยนาท,3
22,22,ชลบุรี,ชลบุรี,52
22,22,ฉะเชิงเทรา,ฉะเชิงเทรา,33
22,22,จันทบุรี,จันทบุรี,31
22,22,ขอนแก่น,ขอนแก่น,31
22,22,กำแพงเพชร,กำแพงเพชร,6
22,22,กาฬสินธุ์,กาฬสินธุ์,15
22,22,กาญจนบุรี,กาญจนบุรี,9
22,22,กรุงเทพมหานคร,กรุงเทพมหานคร,106
22,22,กระบี่,กระบี่,17
21,21,%all%,%all%,928
21,21,ไม่ระบุ,ไม่ระบุ,3
21,21,แพร่,แพร่,0
21,21,เลย,เลย,4
21,21,เพชรบูรณ์,เพชรบูรณ์,7
21,21,เพชรบุรี,เพชรบุรี,3
21,21,เชียงใหม่,เชียงใหม่,11
21,21,เชียงราย,เชียงราย,1
21,21,อ่างทอง,อ่างทอง,8
21,21,อุบลราชธานี,อุบลราชธานี,44
21,21,อุทัยธานี,อุทัยธานี,1
21,21,อุตรดิตถ์,อุตรดิตถ์,4
21,21,อุดรธานี,อุดรธานี,10
21,21,อำนาจเจริญ,อำนาจเจริญ,2
21,21,หนองบัวลำภู,หนองบัวลำภู,5
21,21,หนองคาย,หนองคาย,1
21,21,สุโขทัย,สุโขทัย,2
21,21,สุรินทร์,สุรินทร์,21
21,21,สุราษฎร์ธานี,สุราษฎร์ธานี,26
21,21,สุพรรณบุรี,สุพรรณบุรี,12
21,21,สิงห์บุรี,สิงห์บุรี,2
21,21,สระแก้ว,สระแก้ว,5
21,21,สระบุรี,สระบุรี,6
21,21,สมุทรสาคร,สมุทรสาคร,12
21,21,สมุทรสงคราม,สมุทรสงคราม,4
21,21,สมุทรปราการ,สมุทรปราการ,28
21,21,สตูล,สตูล,4
21,21,สงขลา,สงขลา,17
21,21,สกลนคร,สกลนคร,3
21,21,ศรีสะเกษ,ศรีสะเกษ,14
21,21,ลำพูน,ลำพูน,1
21,21,ลำปาง,ลำปาง,4
21,21,ลพบุรี,ลพบุรี,6
21,21,ร้อยเอ็ด,ร้อยเอ็ด,7
21,21,ราชบุรี,ราชบุรี,6
21,21,ระยอง,ระยอง,24
21,21,ระนอง,ระนอง,0
21,21,ยโสธร,ยโสธร,5
21,21,ยะลา,ยะลา,5
21,21,มุกดาหาร,มุกดาหาร,6
21,21,มหาสารคาม,มหาสารคาม,9
21,21,ภูเก็ต,ภูเก็ต,16
21,21,พิษณุโลก,พิษณุโลก,2
21,21,พิจิตร,พิจิตร,4
21,21,พัทลุง,พัทลุง,10
21,21,พังงา,พังงา,6
21,21,พะเยา,พะเยา,3
21,21,พระนครศรีอยุธยา,พระนครศรีอยุธยา,9
21,21,ปัตตานี,ปัตตานี,2
21,21,ปราจีนบุรี,ปราจีนบุรี,7
21,21,ประจวบคีรีขันธ์,ประจวบคีรีขันธ์,4
21,21,ปทุมธานี,ปทุมธานี,15
21,21,บุรีรัมย์,บุรีรัมย์,28
21,21,บึงกาฬ,บึงกาฬ,0
21,21,น่าน,น่าน,9
21,21,นราธิวาส,นราธิวาส,8
21,21,นนทบุรี,นนทบุรี,25
21,21,นครสวรรค์,นครสวรรค์,20
21,21,นครศรีธรรมราช,นครศรีธรรมราช,17
21,21,นครราชสีมา,นครราชสีมา,57
21,21,นครพนม,นครพนม,1
21,21,นครปฐม,นครปฐม,13
21,21,นครนายก,นครนายก,3
21,21,ตาก,ตาก,6
21,21,ตราด,ตราด,19
21,21,ตรัง,ตรัง,9
21,21,ชุมพร,ชุมพร,14
21,21,ชัยภูมิ,ชัยภูมิ,17
21,21,ชัยนาท,ชัยนาท,0
21,21,ชลบุรี,ชลบุรี,52
21,21,ฉะเชิงเทรา,ฉะเชิงเทรา,24
21,21,จันทบุรี,จันทบุรี,33
21,21,ขอนแก่น,ขอนแก่น,18
21,21,กำแพงเพชร,กำแพงเพชร,7
21,21,กาฬสินธุ์,กาฬสินธุ์,10
21,21,กาญจนบุรี,กาญจนบุรี,14
21,21,กรุงเทพมหานคร,กรุงเทพมหานคร,106
21,21,กระบี่,กระบี่,7
20,20,%all%,%all%,523
20,20,ไม่ระบุ,ไม่ระบุ,0
20,20,แพร่,แพร่,0
20,20,เลย,เลย,4
20,20,เพชรบูรณ์,เพชรบูรณ์,6
20,20,เพชรบุรี,เพชรบุรี,2
20,20,เชียงใหม่,เชียงใหม่,3
20,20,เชียงราย,เชียงราย,3
20,20,อ่างทอง,อ่างทอง,1
20,20,อุบลราชธานี,อุบลราชธานี,21
20,20,อุทัยธานี,อุทัยธานี,0
20,20,อุตรดิตถ์,อุตรดิตถ์,1
20,20,อุดรธานี,อุดรธานี,5
20,20,อำนาจเจริญ,อำนาจเจริญ,4
20,20,หนองบัวลำภู,หนองบัวลำภู,3
20,20,หนองคาย,หนองคาย,3
20,20,สุโขทัย,สุโขทัย,2
20,20,สุรินทร์,สุรินทร์,13
20,20,สุราษฎร์ธานี,สุราษฎร์ธานี,8
20,20,สุพรรณบุรี,สุพรรณบุรี,10
20,20,สิงห์บุรี,สิงห์บุรี,1
20,20,สระแก้ว,สระแก้ว,9
20,20,สระบุรี,สระบุรี,1
20,20,สมุทรสาคร,สมุทรสาคร,7
20,20,สมุทรสงคราม,สมุทรสงคราม,3
20,20,สมุทรปราการ,สมุทรปราการ,16
20,20,สตูล,สตูล,0
20,20,สงขลา,สงขลา,8
20,20,สกลนคร,สกลนคร,2
20,20,ศรีสะเกษ,ศรีสะเกษ,5
20,20,ลำพูน,ลำพูน,0
20,20,ลำปาง,ลำปาง,2
20,20,ลพบุรี,ลพบุรี,7
20,20,ร้อยเอ็ด,ร้อยเอ็ด,7
20,20,ราชบุรี,ราชบุรี,6
20,20,ระยอง,ระยอง,14
20,20,ระนอง,ระนอง,1
20,20,ยโสธร,ยโสธร,4
20,20,ยะลา,ยะลา,1
20,20,มุกดาหาร,มุกดาหาร,1
20,20,มหาสารคาม,มหาสารคาม,5
20,20,ภูเก็ต,ภูเก็ต,7
20,20,พิษณุโลก,พิษณุโลก,4
20,20,พิจิตร,พิจิตร,3
20,20,พัทลุง,พัทลุง,7
20,20,พังงา,พังงา,3
20,20,พะเยา,พะเยา,2
20,20,พระนครศรีอยุธยา,พระนครศรีอยุธยา,8
20,20,ปัตตานี,ปัตตานี,0
20,20,ปราจีนบุรี,ปราจีนบุรี,7
20,20,ประจวบคีรีขันธ์,ประจวบคีรีขันธ์,5
20,20,ปทุมธานี,ปทุมธานี,13
20,20,บุรีรัมย์,บุรีรัมย์,14
20,20,บึงกาฬ,บึงกาฬ,4
20,20,น่าน,น่าน,0
20,20,นราธิวาส,นราธิวาส,0
20,20,นนทบุรี,นนทบุรี,15
20,20,นครสวรรค์,นครสวรรค์,7
20,20,นครศรีธรรมราช,นครศรีธรรมราช,12
20,20,นครราชสีมา,นครราชสีมา,23
20,20,นครพนม,นครพนม,1
20,20,นครปฐม,นครปฐม,8
20,20,นครนายก,นครนายก,0
20,20,ตาก,ตาก,0
20,20,ตราด,ตราด,8
20,20,ตรัง,ตรัง,7
20,20,ชุมพร,ชุมพร,6
20,20,ชัยภูมิ,ชัยภูมิ,9
20,20,ชัยนาท,ชัยนาท,1
20,20,ชลบุรี,ชลบุรี,25
20,20,ฉะเชิงเทรา,ฉะเชิงเทรา,19
20,20,จันทบุรี,จันทบุรี,23
20,20,ขอนแก่น,ขอนแก่น,9
20,20,กำแพงเพชร,กำแพงเพชร,1
20,20,กาฬสินธุ์,กาฬสินธุ์,3
20,20,กาญจนบุรี,กาญจนบุรี,7
20,20,กรุงเทพมหานคร,กรุงเทพมหานคร,70
20,20,กระบี่,กระบี่,3
19,19,%all%,%all%,447
19,19,แม่ฮ่องสอน,แม่ฮ่องสอน,0
19,19,แพร่,แพร่,0
19,19,เลย,เลย,1
19,19,เพชรบูรณ์,เพชรบูรณ์,2
19,19,เพชรบุรี,เพชรบุรี,2
19,19,เชียงใหม่,เชียงใหม่,4
19,19,เชียงราย,เชียงราย,1
19,19,อ่างทอง,อ่างทอง,1
19,19,อุบลราชธานี,อุบลราชธานี,9
19,19,อุทัยธานี,อุทัยธานี,2
19,19,อุตรดิตถ์,อุตรดิตถ์,2
19,19,อุดรธานี,อุดรธานี,6
19,19,อำนาจเจริญ,อำนาจเจริญ,2
19,19,หนองบัวลำภู,หนองบัวลำภู,0
19,19,หนองคาย,หนองคาย,0
19,19,สุโขทัย,สุโขทัย,0
19,19,สุรินทร์,สุรินทร์,9
19,19,สุราษฎร์ธานี,สุราษฎร์ธานี,5
19,19,สุพรรณบุรี,สุพรรณบุรี,4
19,19,สิงห์บุรี,สิงห์บุรี,1
19,19,สระแก้ว,สระแก้ว,8
19,19,สระบุรี,สระบุรี,8
19,19,สมุทรสาคร,สมุทรสาคร,8
19,19,สมุทรสงคราม,สมุทรสงคราม,1
19,19,สมุทรปราการ,สมุทรปราการ,13
19,19,สตูล,สตูล,2
19,19,สงขลา,สงขลา,8
19,19,สกลนคร,สกลนคร,3
19,19,ศรีสะเกษ,ศรีสะเกษ,7
19,19,ลำพูน,ลำพูน,2
19,19,ลำปาง,ลำปาง,2
19,19,ลพบุรี,ลพบุรี,3
19,19,ร้อยเอ็ด,ร้อยเอ็ด,0
19,19,ราชบุรี,ราชบุรี,8
19,19,ระยอง,ระยอง,10
19,19,ระนอง,ระนอง,0
19,19,ยโสธร,ยโสธร,5
19,19,ยะลา,ยะลา,2
19,19,มุกดาหาร,มุกดาหาร,4
19,19,มหาสารคาม,มหาสารคาม,3
19,19,ภูเก็ต,ภูเก็ต,6
19,19,พิษณุโลก,พิษณุโลก,3
19,19,พิจิตร,พิจิตร,1
19,19,พัทลุง,พัทลุง,2
19,19,พังงา,พังงา,3
19,19,พะเยา,พะเยา,1
19,19,พระนครศรีอยุธยา,พระนครศรีอยุธยา,5
19,19,ปัตตานี,ปัตตานี,1
19,19,ปราจีนบุรี,ปราจีนบุรี,7
19,19,ประจวบคีรีขันธ์,ประจวบคีรีขันธ์,7
19,19,ปทุมธานี,ปทุมธานี,10
19,19,บุรีรัมย์,บุรีรัมย์,5
19,19,บึงกาฬ,บึงกาฬ,1
19,19,น่าน,น่าน,1
19,19,นราธิวาส,นราธิวาส,5
19,19,นนทบุรี,นนทบุรี,10
19,19,นครสวรรค์,นครสวรรค์,4
19,19,นครศรีธรรมราช,นครศรีธรรมราช,12
19,19,นครราชสีมา,นครราชสีมา,17
19,19,นครพนม,นครพนม,0
19,19,นครปฐม,นครปฐม,14
19,19,นครนายก,นครนายก,4
19,19,ตาก,ตาก,0
19,19,ตราด,ตราด,2
19,19,ตรัง,ตรัง,7
19,19,ชุมพร,ชุมพร,5
19,19,ชัยภูมิ,ชัยภูมิ,8
19,19,ชัยนาท,ชัยนาท,0
19,19,ชลบุรี,ชลบุรี,30
19,19,ฉะเชิงเทรา,ฉะเชิงเทรา,15
19,19,จันทบุรี,จันทบุรี,16
19,19,ขอนแก่น,ขอนแก่น,7
19,19,กำแพงเพชร,กำแพงเพชร,2
19,19,กาฬสินธุ์,กาฬสินธุ์,1
19,19,กาญจนบุรี,กาญจนบุรี,9
19,19,กรุงเทพมหานคร,กรุงเทพมหานคร,73
19,19,กระบี่,กระบี่,5
18,18,%all%,%all%,545
18,18,แม่ฮ่องสอน,แม่ฮ่องสอน,0
18,18,แพร่,แพร่,3
18,18,เลย,เลย,1
18,18,เพชรบูรณ์,เพชรบูรณ์,1
18,18,เพชรบุรี,เพชรบุรี,6
18,18,เชียงใหม่,เชียงใหม่,9
18,18,เชียงราย,เชียงราย,2
18,18,อ่างทอง,อ่างทอง,0
18,18,อุบลราชธานี,อุบลราชธานี,11
18,18,อุทัยธานี,อุทัยธานี,1
18,18,อุตรดิตถ์,อุตรดิตถ์,0
18,18,อุดรธานี,อุดรธานี,4
18,18,อำนาจเจริญ,อำนาจเจริญ,3
18,18,หนองบัวลำภู,หนองบัวลำภู,1
18,18,หนองคาย,หนองคาย,2
18,18,สุโขทัย,สุโขทัย,4
18,18,สุรินทร์,สุรินทร์,15
18,18,สุราษฎร์ธานี,สุราษฎร์ธานี,7
18,18,สุพรรณบุรี,สุพรรณบุรี,11
18,18,สิงห์บุรี,สิงห์บุรี,2
18,18,สระแก้ว,สระแก้ว,1
18,18,สระบุรี,สระบุรี,12
18,18,สมุทรสาคร,สมุทรสาคร,8
18,18,สมุทรสงคราม,สมุทรสงคราม,3
18,18,สมุทรปราการ,สมุทรปราการ,18
18,18,สตูล,สตูล,2
18,18,สงขลา,สงขลา,13
18,18,สกลนคร,สกลนคร,7
18,18,ศรีสะเกษ,ศรีสะเกษ,7
18,18,ลำพูน,ลำพูน,3
18,18,ลำปาง,ลำปาง,2
18,18,ลพบุรี,ลพบุรี,2
18,18,ร้อยเอ็ด,ร้อยเอ็ด,4
18,18,ราชบุรี,ราชบุรี,5
18,18,ระยอง,ระยอง,15
18,18,ระนอง,ระนอง,0
18,18,ยโสธร,ยโสธร,5
18,18,ยะลา,ยะลา,2
18,18,มุกดาหาร,มุกดาหาร,5
18,18,มหาสารคาม,มหาสารคาม,3
18,18,ภูเก็ต,ภูเก็ต,9
18,18,พิษณุโลก,พิษณุโลก,2
18,18,พิจิตร,พิจิตร,3
18,18,พัทลุง,พัทลุง,4
18,18,พังงา,พังงา,4
18,18,พะเยา,พะเยา,2
18,18,พระนครศรีอยุธยา,พระนครศรีอยุธยา,8
18,18,ปัตตานี,ปัตตานี,1
18,18,ปราจีนบุรี,ปราจีนบุรี,4
18,18,ประจวบคีรีขันธ์,ประจวบคีรีขันธ์,4
18,18,ปทุมธานี,ปทุมธานี,23
18,18,บุรีรัมย์,บุรีรัมย์,14
18,18,บึงกาฬ,บึงกาฬ,1
18,18,น่าน,น่าน,1
18,18,นราธิวาส,นราธิวาส,3
18,18,นนทบุรี,นนทบุรี,20
18,18,นครสวรรค์,นครสวรรค์,2
18,18,นครศรีธรรมราช,นครศรีธรรมราช,22
18,18,นครราชสีมา,นครราชสีมา,16
18,18,นครพนม,นครพนม,4
18,18,นครปฐม,นครปฐม,11
18,18,นครนายก,นครนายก,2
18,18,ตาก,ตาก,1
18,18,ตราด,ตราด,3
18,18,ตรัง,ตรัง,2
18,18,ชุมพร,ชุมพร,4
18,18,ชัยภูมิ,ชัยภูมิ,8
18,18,ชัยนาท,ชัยนาท,4
18,18,ชลบุรี,ชลบุรี,33
18,18,ฉะเชิงเทรา,ฉะเชิงเทรา,18
18,18,จันทบุรี,จันทบุรี,9
18,18,ขอนแก่น,ขอนแก่น,4
18,18,กำแพงเพชร,กำแพงเพชร,1
18,18,กาฬสินธุ์,กาฬสินธุ์,4
18,18,กาญจนบุรี,กาญจนบุรี,8
18,18,กรุงเทพมหานคร,กรุงเทพมหานคร,82
18,18,กระบี่,กระบี่,4
17,17,%all%,%all%,718
17,17,แม่ฮ่องสอน,แม่ฮ่องสอน,1
17,17,แพร่,แพร่,4
17,17,เลย,เลย,2
17,17,เพชรบูรณ์,เพชรบูรณ์,1
17,17,เพชรบุรี,เพชรบุรี,11
17,17,เชียงใหม่,เชียงใหม่,8
17,17,เชียงราย,เชียงราย,4
17,17,อ่างทอง,อ่างทอง,0
17,17,อุบลราชธานี,อุบลราชธานี,24
17,17,อุทัยธานี,อุทัยธานี,1
17,17,อุตรดิตถ์,อุตรดิตถ์,3
17,17,อุดรธานี,อุดรธานี,6
17,17,อำนาจเจริญ,อำนาจเจริญ,2
17,17,หนองบัวลำภู,หนองบัวลำภู,2
17,17,หนองคาย,หนองคาย,5
17,17,สุโขทัย,สุโขทัย,7
17,17,สุรินทร์,สุรินทร์,14
17,17,สุราษฎร์ธานี,สุราษฎร์ธานี,13
17,17,สุพรรณบุรี,สุพรรณบุรี,14
17,17,สิงห์บุรี,สิงห์บุรี,1
17,17,สระแก้ว,สระแก้ว,7
17,17,สระบุรี,สระบุรี,8
17,17,สมุทรสาคร,สมุทรสาคร,11
17,17,สมุทรสงคราม,สมุทรสงคราม,3
17,17,สมุทรปราการ,สมุทรปราการ,26
17,17,สตูล,สตูล,0
17,17,สงขลา,สงขลา,13
17,17,สกลนคร,สกลนคร,3
17,17,ศรีสะเกษ,ศรีสะเกษ,9
17,17,ลำพูน,ลำพูน,5
17,17,ลำปาง,ลำปาง,1
17,17,ลพบุรี,ลพบุรี,3
17,17,ร้อยเอ็ด,ร้อยเอ็ด,2
17,17,ราชบุรี,ราชบุรี,10
17,17,ระยอง,ระยอง,21
17,17,ระนอง,ระนอง,2
17,17,ยโสธร,ยโสธร,9
17,17,ยะลา,ยะลา,4
17,17,มุกดาหาร,มุกดาหาร,4
17,17,มหาสารคาม,มหาสารคาม,5
17,17,ภูเก็ต,ภูเก็ต,6
17,17,พิษณุโลก,พิษณุโลก,4
17,17,พิจิตร,พิจิตร,2
17,17,พัทลุง,พัทลุง,8
17,17,พังงา,พังงา,0
17,17,พะเยา,พะเยา,3
17,17,พระนครศรีอยุธยา,พระนครศรีอยุธยา,23
17,17,ปัตตานี,ปัตตานี,2
17,17,ปราจีนบุรี,ปราจีนบุรี,5
17,17,ประจวบคีรีขันธ์,ประจวบคีรีขันธ์,3
17,17,ปทุมธานี,ปทุมธานี,22
17,17,บุรีรัมย์,บุรีรัมย์,17
17,17,บึงกาฬ,บึงกาฬ,1
17,17,น่าน,น่าน,4
17,17,นราธิวาส,นราธิวาส,4
17,17,นนทบุรี,นนทบุรี,21
17,17,นครสวรรค์,นครสวรรค์,5
17,17,นครศรีธรรมราช,นครศรีธรรมราช,28
17,17,นครราชสีมา,นครราชสีมา,25
17,17,นครพนม,นครพนม,1
17,17,นครปฐม,นครปฐม,18
17,17,นครนายก,นครนายก,4
17,17,ตาก,ตาก,5
17,17,ตราด,ตราด,2
17,17,ตรัง,ตรัง,1
17,17,ชุมพร,ชุมพร,14
17,17,ชัยภูมิ,ชัยภูมิ,12
17,17,ชัยนาท,ชัยนาท,3
17,17,ชลบุรี,ชลบุรี,37
17,17,ฉะเชิงเทรา,ฉะเชิงเทรา,12
17,17,จันทบุรี,จันทบุรี,21
17,17,ขอนแก่น,ขอนแก่น,9
17,17,กำแพงเพชร,กำแพงเพชร,5
17,17,กาฬสินธุ์,กาฬสินธุ์,9
17,17,กาญจนบุรี,กาญจนบุรี,3
17,17,กรุงเทพมหานคร,กรุงเทพมหานคร,106
17,17,กระบี่,กระบี่,4
16,16,%all%,%all%,558
16,16,แม่ฮ่องสอน,แม่ฮ่องสอน,0
16,16,แพร่,แพร่,0
16,16,เลย,เลย,5
16,16,เพชรบูรณ์,เพชรบูรณ์,2
16,16,เพชรบุรี,เพชรบุรี,4
16,16,เชียงใหม่,เชียงใหม่,4
16,16,เชียงราย,เชียงราย,1
16,16,อ่างทอง,อ่างทอง,1
16,16,อุบลราชธานี,อุบลราชธานี,29
16,16,อุทัยธานี,อุทัยธานี,1
16,16,อุตรดิตถ์,อุตรดิตถ์,4
16,16,อุดรธานี,อุดรธานี,7
16,16,อำนาจเจริญ,อำนาจเจริญ,0
16,16,หนองบัวลำภู,หนองบัวลำภู,1
16,16,หนองคาย,หนองคาย,4
16,16,สุโขทัย,สุโขทัย,1
16,16,สุรินทร์,สุรินทร์,15
16,16,สุราษฎร์ธานี,สุราษฎร์ธานี,9
16,16,สุพรรณบุรี,สุพรรณบุรี,9
16,16,สิงห์บุรี,สิงห์บุรี,3
16,16,สระแก้ว,สระแก้ว,5
16,16,สระบุรี,สระบุรี,8
16,16,สมุทรสาคร,สมุทรสาคร,7
16,16,สมุทรสงคราม,สมุทรสงคราม,1
16,16,สมุทรปราการ,สมุทรปราการ,19
16,16,สตูล,สตูล,1
16,16,สงขลา,สงขลา,10
16,16,สกลนคร,สกลนคร,4
16,16,ศรีสะเกษ,ศรีสะเกษ,5
16,16,ลำพูน,ลำพูน,0
16,16,ลำปาง,ลำปาง,2
16,16,ลพบุรี,ลพบุรี,10
16,16,ร้อยเอ็ด,ร้อยเอ็ด,4
16,16,ราชบุรี,ราชบุรี,12
16,16,ระยอง,ระยอง,16
16,16,ระนอง,ระนอง,1
16,16,ยโสธร,ยโสธร,4
16,16,ยะลา,ยะลา,1
16,16,มุกดาหาร,มุกดาหาร,16
16,16,มหาสารคาม,มหาสารคาม,3
16,16,ภูเก็ต,ภูเก็ต,1
16,16,พิษณุโลก,พิษณุโลก,5
16,16,พิจิตร,พิจิตร,2
16,16,พัทลุง,พัทลุง,4
16,16,พังงา,พังงา,1
16,16,พะเยา,พะเยา,1
16,16,พระนครศรีอยุธยา,พระนครศรีอยุธยา,12
16,16,ปัตตานี,ปัตตานี,0
16,16,ปราจีนบุรี,ปราจีนบุรี,3
16,16,ประจวบคีรีขันธ์,ประจวบคีรีขันธ์,5
16,16,ปทุมธานี,ปทุมธานี,10
16,16,บุรีรัมย์,บุรีรัมย์,11
16,16,บึงกาฬ,บึงกาฬ,2
16,16,น่าน,น่าน,2
16,16,นราธิวาส,นราธิวาส,2
16,16,นนทบุรี,นนทบุรี,13
16,16,นครสวรรค์,นครสวรรค์,2
16,16,นครศรีธรรมราช,นครศรีธรรมราช,17
16,16,นครราชสีมา,นครราชสีมา,31
16,16,นครพนม,นครพนม,2
16,16,นครปฐม,นครปฐม,15
16,16,นครนายก,นครนายก,3
16,16,ตาก,ตาก,3
16,16,ตราด,ตราด,5
16,16,ตรัง,ตรัง,2
16,16,ชุมพร,ชุมพร,11
16,16,ชัยภูมิ,ชัยภูมิ,9
16,16,ชัยนาท,ชัยนาท,0
16,16,ชลบุรี,ชลบุรี,28
16,16,ฉะเชิงเทรา,ฉะเชิงเทรา,12
16,16,จันทบุรี,จันทบุรี,7
16,16,ขอนแก่น,ขอนแก่น,15
16,16,กำแพงเพชร,กำแพงเพชร,1
16,16,กาฬสินธุ์,กาฬสินธุ์,11
16,16,กาญจนบุรี,กาญจนบุรี,5
16,16,กรุงเทพมหานคร,กรุงเทพมหานคร,72
16,16,กระบี่,กระบี่,4
15,15,%all%,%all%,646
15,15,แม่ฮ่องสอน,แม่ฮ่องสอน,1
15,15,แพร่,แพร่,0
15,15,เลย,เลย,5
15,15,เพชรบูรณ์,เพชรบูรณ์,2
15,15,เพชรบุรี,เพชรบุรี,2
15,15,เชียงใหม่,เชียงใหม่,7
15,15,เชียงราย,เชียงราย,4
15,15,อ่างทอง,อ่างทอง,4
15,15,อุบลราชธานี,อุบลราชธานี,87
15,15,อุทัยธานี,อุทัยธานี,0
15,15,อุตรดิตถ์,อุตรดิตถ์,4
15,15,อุดรธานี,อุดรธานี,5
15,15,อำนาจเจริญ,อำนาจเจริญ,8
15,15,หนองบัวลำภู,หนองบัวลำภู,2
15,15,หนองคาย,หนองคาย,3
15,15,สุโขทัย,สุโขทัย,0
15,15,สุรินทร์,สุรินทร์,11
15,15,สุราษฎร์ธานี,สุราษฎร์ธานี,5
15,15,สุพรรณบุรี,สุพรรณบุรี,16
15,15,สิงห์บุรี,สิงห์บุรี,3
15,15,สระแก้ว,สระแก้ว,4
15,15,สระบุรี,สระบุรี,8
15,15,สมุทรสาคร,สมุทรสาคร,3
15,15,สมุทรสงคราม,สมุทรสงคราม,0
15,15,สมุทรปราการ,สมุทรปราการ,20
15,15,สงขลา,สงขลา,13
15,15,สกลนคร,สกลนคร,2
15,15,ศรีสะเกษ,ศรีสะเกษ,8
15,15,ลำพูน,ลำพูน,2
15,15,ลำปาง,ลำปาง,0
15,15,ลพบุรี,ลพบุรี,8
15,15,ร้อยเอ็ด,ร้อยเอ็ด,3
15,15,ราชบุรี,ราชบุรี,9
15,15,ระยอง,ระยอง,28
15,15,ยโสธร,ยโสธร,10
15,15,ยะลา,ยะลา,7
15,15,มุกดาหาร,มุกดาหาร,0
15,15,มหาสารคาม,มหาสารคาม,4
15,15,ภูเก็ต,ภูเก็ต,3
15,15,พิษณุโลก,พิษณุโลก,12
15,15,พิจิตร,พิจิตร,0
15,15,พัทลุง,พัทลุง,6
15,15,พังงา,พังงา,1
15,15,พะเยา,พะเยา,4
15,15,พระนครศรีอยุธยา,พระนครศรีอยุธยา,12
15,15,ปัตตานี,ปัตตานี,1
15,15,ปราจีนบุรี,ปราจีนบุรี,4
15,15,ประจวบคีรีขันธ์,ประจวบคีรีขันธ์,4
15,15,ปทุมธานี,ปทุมธานี,7
15,15,บุรีรัมย์,บุรีรัมย์,11
15,15,บึงกาฬ,บึงกาฬ,3
15,15,น่าน,น่าน,4
15,15,นราธิวาส,นราธิวาส,0
15,15,นนทบุรี,นนทบุรี,7
15,15,นครสวรรค์,นครสวรรค์,0
15,15,นครศรีธรรมราช,นครศรีธรรมราช,33
15,15,นครราชสีมา,นครราชสีมา,12
15,15,นครพนม,นครพนม,6
15,15,นครปฐม,นครปฐม,20
15,15,นครนายก,นครนายก,4
15,15,ตาก,ตาก,1
15,15,ตราด,ตราด,5
15,15,ตรัง,ตรัง,2
15,15,ชุมพร,ชุมพร,10
15,15,ชัยภูมิ,ชัยภูมิ,7
15,15,ชัยนาท,ชัยนาท,3
15,15,ชลบุรี,ชลบุรี,59
15,15,ฉะเชิงเทรา,ฉะเชิงเทรา,11
15,15,จันทบุรี,จันทบุรี,15
15,15,ขอนแก่น,ขอนแก่น,6
15,15,กำแพงเพชร,กำแพงเพชร,0
15,15,กาฬสินธุ์,กาฬสินธุ์,8
15,15,กาญจนบุรี,กาญจนบุรี,5
15,15,กรุงเทพมหานคร,กรุงเทพมหานคร,62
15,15,กระบี่,กระบี่,0
14,14,%all%,%all%,743
14,14,ไม่ระบุ,ไม่ระบุ,1
14,14,แม่ฮ่องสอน,แม่ฮ่องสอน,1
14,14,แพร่,แพร่,0
14,14,เลย,เลย,6
14,14,เพชรบูรณ์,เพชรบูรณ์,4
14,14,เพชรบุรี,เพชรบุรี,3
14,14,เชียงใหม่,เชียงใหม่,9
14,14,เชียงราย,เชียงราย,2
14,14,อ่างทอง,อ่างทอง,2
14,14,อุบลราชธานี,อุบลราชธานี,42
14,14,อุทัยธานี,อุทัยธานี,4
14,14,อุตรดิตถ์,อุตรดิตถ์,3
14,14,อุดรธานี,อุดรธานี,7
14,14,อำนาจเจริญ,อำนาจเจริญ,2
14,14,หนองบัวลำภู,หนองบัวลำภู,8
14,14,หนองคาย,หนองคาย,11
14,14,สุโขทัย,สุโขทัย,6
14,14,สุรินทร์,สุรินทร์,14
14,14,สุราษฎร์ธานี,สุราษฎร์ธานี,8
14,14,สุพรรณบุรี,สุพรรณบุรี,12
14,14,สิงห์บุรี,สิงห์บุรี,0
14,14,สระแก้ว,สระแก้ว,2
14,14,สระบุรี,สระบุรี,4
14,14,สมุทรสาคร,สมุทรสาคร,5
14,14,สมุทรสงคราม,สมุทรสงคราม,1
14,14,สมุทรปราการ,สมุทรปราการ,15
14,14,สตูล,สตูล,1
14,14,สงขลา,สงขลา,5
14,14,สกลนคร,สกลนคร,9
14,14,ศรีสะเกษ,ศรีสะเกษ,14
14,14,ลำพูน,ลำพูน,3
14,14,ลำปาง,ลำปาง,5
14,14,ลพบุรี,ลพบุรี,9
14,14,ร้อยเอ็ด,ร้อยเอ็ด,5
14,14,ราชบุรี,ราชบุรี,4
14,14,ระยอง,ระยอง,20
14,14,ยโสธร,ยโสธร,19
14,14,ยะลา,ยะลา,4
14,14,มุกดาหาร,มุกดาหาร,17
14,14,มหาสารคาม,มหาสารคาม,5
14,14,ภูเก็ต,ภูเก็ต,5
14,14,พิษณุโลก,พิษณุโลก,20
14,14,พิจิตร,พิจิตร,4
14,14,พัทลุง,พัทลุง,2
14,14,พังงา,พังงา,5
14,14,พะเยา,พะเยา,0
14,14,พระนครศรีอยุธยา,พระนครศรีอยุธยา,12
14,14,ปัตตานี,ปัตตานี,4
14,14,ปราจีนบุรี,ปราจีนบุรี,4
14,14,ประจวบคีรีขันธ์,ประจวบคีรีขันธ์,10
14,14,ปทุมธานี,ปทุมธานี,11
14,14,บุรีรัมย์,บุรีรัมย์,23
14,14,บึงกาฬ,บึงกาฬ,3
14,14,น่าน,น่าน,5
14,14,นราธิวาส,นราธิวาส,2
14,14,นนทบุรี,นนทบุรี,13
14,14,นครสวรรค์,นครสวรรค์,3
14,14,นครศรีธรรมราช,นครศรีธรรมราช,25
14,14,นครราชสีมา,นครราชสีมา,36
14,14,นครพนม,นครพนม,7
14,14,นครปฐม,นครปฐม,31
14,14,นครนายก,นครนายก,6
14,14,ตาก,ตาก,1
14,14,ตราด,ตราด,6
14,14,ตรัง,ตรัง,2
14,14,ชุมพร,ชุมพร,12
14,14,ชัยภูมิ,ชัยภูมิ,13
14,14,ชัยนาท,ชัยนาท,0
14,14,ชลบุรี,ชลบุรี,43
14,14,ฉะเชิงเทรา,ฉะเชิงเทรา,15
14,14,จันทบุรี,จันทบุรี,9
14,14,ขอนแก่น,ขอนแก่น,19
14,14,กำแพงเพชร,กำแพงเพชร,4
14,14,กาฬสินธุ์,กาฬสินธุ์,15
14,14,กาญจนบุรี,กาญจนบุรี,5
14,14,กรุงเทพมหานคร,กรุงเทพมหานคร,74
14,14,กระบี่,กระบี่,2
13,13,%all%,%all%,1206
13,13,ไม่ระบุ,ไม่ระบุ,1
13,13,แม่ฮ่องสอน,แม่ฮ่องสอน,1
13,13,แพร่,แพร่,2
13,13,เลย,เลย,13
13,13,เพชรบูรณ์,เพชรบูรณ์,8
13,13,เพชรบุรี,เพชรบุรี,10
13,13,เชียงใหม่,เชียงใหม่,29
13,13,เชียงราย,เชียงราย,6
13,13,อ่างทอง,อ่างทอง,5
13,13,อุบลราชธานี,อุบลราชธานี,51
13,13,อุทัยธานี,อุทัยธานี,6
13,13,อุตรดิตถ์,อุตรดิตถ์,6
13,13,อุดรธานี,อุดรธานี,13
13,13,อำนาจเจริญ,อำนาจเจริญ,3
13,13,หนองบัวลำภู,หนองบัวลำภู,21
13,13,หนองคาย,หนองคาย,9
13,13,สุโขทัย,สุโขทัย,5
13,13,สุรินทร์,สุรินทร์,24
13,13,สุราษฎร์ธานี,สุราษฎร์ธานี,18
13,13,สุพรรณบุรี,สุพรรณบุรี,31
13,13,สิงห์บุรี,สิงห์บุรี,5
13,13,สระแก้ว,สระแก้ว,5
13,13,สระบุรี,สระบุรี,12
13,13,สมุทรสาคร,สมุทรสาคร,16
13,13,สมุทรสงคราม,สมุทรสงคราม,2
13,13,สมุทรปราการ,สมุทรปราการ,43
13,13,สตูล,สตูล,2
13,13,สงขลา,สงขลา,18
13,13,สกลนคร,สกลนคร,12
13,13,ศรีสะเกษ,ศรีสะเกษ,24
13,13,ลำพูน,ลำพูน,12
13,13,ลำปาง,ลำปาง,6
13,13,ลพบุรี,ลพบุรี,15
13,13,ร้อยเอ็ด,ร้อยเอ็ด,14
13,13,ราชบุรี,ราชบุรี,8
13,13,ระยอง,ระยอง,21
13,13,ยโสธร,ยโสธร,8
13,13,ยะลา,ยะลา,4
13,13,มุกดาหาร,มุกดาหาร,16
13,13,มหาสารคาม,มหาสารคาม,13
13,13,ภูเก็ต,ภูเก็ต,11
13,13,พิษณุโลก,พิษณุโลก,15
13,13,พิจิตร,พิจิตร,8
13,13,พัทลุง,พัทลุง,3
13,13,พังงา,พังงา,4
13,13,พะเยา,พะเยา,0
13,13,พระนครศรีอยุธยา,พระนครศรีอยุธยา,17
13,13,ปัตตานี,ปัตตานี,0
13,13,ปราจีนบุรี,ปราจีนบุรี,13
13,13,ประจวบคีรีขันธ์,ประจวบคีรีขันธ์,19
13,13,ปทุมธานี,ปทุมธานี,19
13,13,บุรีรัมย์,บุรีรัมย์,46
13,13,บึงกาฬ,บึงกาฬ,11
13,13,น่าน,น่าน,3
13,13,นราธิวาส,นราธิวาส,4
13,13,นนทบุรี,นนทบุรี,32
13,13,นครสวรรค์,นครสวรรค์,9
13,13,นครศรีธรรมราช,นครศรีธรรมราช,26
13,13,นครราชสีมา,นครราชสีมา,70
13,13,นครพนม,นครพนม,24
13,13,นครปฐม,นครปฐม,45
13,13,นครนายก,นครนายก,6
13,13,ตาก,ตาก,1
13,13,ตราด,ตราด,3
13,13,ตรัง,ตรัง,6
13,13,ชุมพร,ชุมพร,13
13,13,ชัยภูมิ,ชัยภูมิ,20
13,13,ชัยนาท,ชัยนาท,8
13,13,ชลบุรี,ชลบุรี,41
13,13,ฉะเชิงเทรา,ฉะเชิงเทรา,28
13,13,จันทบุรี,จันทบุรี,13
13,13,ขอนแก่น,ขอนแก่น,30
13,13,กำแพงเพชร,กำแพงเพชร,2
13,13,กาฬสินธุ์,กาฬสินธุ์,25
13,13,กาญจนบุรี,กาญจนบุรี,7
13,13,กรุงเทพมหานคร,กรุงเทพมหานคร,104
13,13,กระบี่,กระบี่,2
12,12,%all%,%all%,2066
12,12,ไม่ระบุ,ไม่ระบุ,2
12,12,แม่ฮ่องสอน,แม่ฮ่องสอน,2
12,12,แพร่,แพร่,3
12,12,เลย,เลย,13
12,12,เพชรบูรณ์,เพชรบูรณ์,16
12,12,เพชรบุรี,เพชรบุรี,12
12,12,เชียงใหม่,เชียงใหม่,38
12,12,เชียงราย,เชียงราย,7
12,12,อ่างทอง,อ่างทอง,14
12,12,อุบลราชธานี,อุบลราชธานี,115
12,12,อุทัยธานี,อุทัยธานี,0
12,12,อุตรดิตถ์,อุตรดิตถ์,12
12,12,อุดรธานี,อุดรธานี,17
12,12,อำนาจเจริญ,อำนาจเจริญ,7
12,12,หนองบัวลำภู,หนองบัวลำภู,26
12,12,หนองคาย,หนองคาย,11
12,12,สุโขทัย,สุโขทัย,12
12,12,สุรินทร์,สุรินทร์,60
12,12,สุราษฎร์ธานี,สุราษฎร์ธานี,30
12,12,สุพรรณบุรี,สุพรรณบุรี,32
12,12,สิงห์บุรี,สิงห์บุรี,5
12,12,สระแก้ว,สระแก้ว,22
12,12,สระบุรี,สระบุรี,21
12,12,สมุทรสาคร,สมุทรสาคร,14
12,12,สมุทรสงคราม,สมุทรสงคราม,1
12,12,สมุทรปราการ,สมุทรปราการ,56
12,12,สตูล,สตูล,0
12,12,สงขลา,สงขลา,36
12,12,สกลนคร,สกลนคร,13
12,12,ศรีสะเกษ,ศรีสะเกษ,34
12,12,ลำพูน,ลำพูน,18
12,12,ลำปาง,ลำปาง,7
12,12,ลพบุรี,ลพบุรี,22
12,12,ร้อยเอ็ด,ร้อยเอ็ด,35
12,12,ราชบุรี,ราชบุรี,17
12,12,ระยอง,ระยอง,35
12,12,ระนอง,ระนอง,2
12,12,ยโสธร,ยโสธร,21
12,12,ยะลา,ยะลา,3
12,12,มุกดาหาร,มุกดาหาร,25
12,12,มหาสารคาม,มหาสารคาม,29
12,12,ภูเก็ต,ภูเก็ต,9
12,12,พิษณุโลก,พิษณุโลก,27
12,12,พิจิตร,พิจิตร,9
12,12,พัทลุง,พัทลุง,6
12,12,พังงา,พังงา,4
12,12,พะเยา,พะเยา,5
12,12,พระนครศรีอยุธยา,พระนครศรีอยุธยา,53
12,12,ปัตตานี,ปัตตานี,2
12,12,ปราจีนบุรี,ปราจีนบุรี,19
12,12,ประจวบคีรีขันธ์,ประจวบคีรีขันธ์,54
12,12,ปทุมธานี,ปทุมธานี,26
12,12,บุรีรัมย์,บุรีรัมย์,72
12,12,บึงกาฬ,บึงกาฬ,15
12,12,น่าน,น่าน,6
12,12,นราธิวาส,นราธิวาส,4
12,12,นนทบุรี,นนทบุรี,49
12,12,นครสวรรค์,นครสวรรค์,17
12,12,นครศรีธรรมราช,นครศรีธรรมราช,46
12,12,นครราชสีมา,นครราชสีมา,150
12,12,นครพนม,นครพนม,37
12,12,นครปฐม,นครปฐม,76
12,12,นครนายก,นครนายก,9
12,12,ตาก,ตาก,2
12,12,ตราด,ตราด,12
12,12,ตรัง,ตรัง,3
12,12,ชุมพร,ชุมพร,21
12,12,ชัยภูมิ,ชัยภูมิ,29
12,12,ชัยนาท,ชัยนาท,23
12,12,ชลบุรี,ชลบุรี,71
12,12,ฉะเชิงเทรา,ฉะเชิงเทรา,85
12,12,จันทบุรี,จันทบุรี,20
12,12,ขอนแก่น,ขอนแก่น,49
12,12,กำแพงเพชร,กำแพงเพชร,9
12,12,กาฬสินธุ์,กาฬสินธุ์,42
12,12,กาญจนบุรี,กาญจนบุรี,8
12,12,กรุงเทพมหานคร,กรุงเทพมหานคร,151
12,12,กระบี่,กระบี่,1
11,11,%all%,%all%,2903
11,11,ไม่ระบุ,ไม่ระบุ,1
11,11,แม่ฮ่องสอน,แม่ฮ่องสอน,13
11,11,แพร่,แพร่,6
11,11,เลย,เลย,23
11,11,เพชรบูรณ์,เพชรบูรณ์,25
11,11,เพชรบุรี,เพชรบุรี,17
11,11,เชียงใหม่,เชียงใหม่,41
11,11,เชียงราย,เชียงราย,24
11,11,อ่างทอง,อ่างทอง,7
11,11,อุบลราชธานี,อุบลราชธานี,143
11,11,อุทัยธานี,อุทัยธานี,9
11,11,อุตรดิตถ์,อุตรดิตถ์,34
11,11,อุดรธานี,อุดรธานี,36
11,11,อำนาจเจริญ,อำนาจเจริญ,9
11,11,หนองบัวลำภู,หนองบัวลำภู,39
11,11,หนองคาย,หนองคาย,25
11,11,สุโขทัย,สุโขทัย,16
11,11,สุรินทร์,สุรินทร์,96
11,11,สุราษฎร์ธานี,สุราษฎร์ธานี,37
11,11,สุพรรณบุรี,สุพรรณบุรี,59
11,11,สิงห์บุรี,สิงห์บุรี,16
11,11,สระแก้ว,สระแก้ว,23
11,11,สระบุรี,สระบุรี,38
11,11,สมุทรสาคร,สมุทรสาคร,24
11,11,สมุทรสงคราม,สมุทรสงคราม,2
11,11,สมุทรปราการ,สมุทรปราการ,72
11,11,สตูล,สตูล,2
11,11,สงขลา,สงขลา,29
11,11,สกลนคร,สกลนคร,22
11,11,ศรีสะเกษ,ศรีสะเกษ,54
11,11,ลำพูน,ลำพูน,33
11,11,ลำปาง,ลำปาง,15
11,11,ลพบุรี,ลพบุรี,47
11,11,ร้อยเอ็ด,ร้อยเอ็ด,54
11,11,ราชบุรี,ราชบุรี,27
11,11,ระยอง,ระยอง,55
11,11,ระนอง,ระนอง,0
11,11,ยโสธร,ยโสธร,23
11,11,ยะลา,ยะลา,7
11,11,มุกดาหาร,มุกดาหาร,19
11,11,มหาสารคาม,มหาสารคาม,41
11,11,ภูเก็ต,ภูเก็ต,28
11,11,พิษณุโลก,พิษณุโลก,30
11,11,พิจิตร,พิจิตร,17
11,11,พัทลุง,พัทลุง,2
11,11,พังงา,พังงา,4
11,11,พะเยา,พะเยา,10
11,11,พระนครศรีอยุธยา,พระนครศรีอยุธยา,71
11,11,ปัตตานี,ปัตตานี,4
11,11,ปราจีนบุรี,ปราจีนบุรี,7
11,11,ประจวบคีรีขันธ์,ประจวบคีรีขันธ์,51
11,11,ปทุมธานี,ปทุมธานี,47
11,11,บุรีรัมย์,บุรีรัมย์,112
11,11,บึงกาฬ,บึงกาฬ,14
11,11,น่าน,น่าน,29
11,11,นราธิวาส,นราธิวาส,10
11,11,นนทบุรี,นนทบุรี,52
11,11,นครสวรรค์,นครสวรรค์,27
11,11,นครศรีธรรมราช,นครศรีธรรมราช,64
11,11,นครราชสีมา,นครราชสีมา,219
11,11,นครพนม,นครพนม,63
11,11,นครปฐม,นครปฐม,82
11,11,นครนายก,นครนายก,6
11,11,ตาก,ตาก,14
11,11,ตราด,ตราด,10
11,11,ตรัง,ตรัง,10
11,11,ชุมพร,ชุมพร,19
11,11,ชัยภูมิ,ชัยภูมิ,49
11,11,ชัยนาท,ชัยนาท,28
11,11,ชลบุรี,ชลบุรี,80
11,11,ฉะเชิงเทรา,ฉะเชิงเทรา,47
11,11,จันทบุรี,จันทบุรี,23
11,11,ขอนแก่น,ขอนแก่น,100
11,11,กำแพงเพชร,กำแพงเพชร,21
11,11,กาฬสินธุ์,กาฬสินธุ์,71
11,11,กาญจนบุรี,กาญจนบุรี,25
11,11,กรุงเทพมหานคร,กรุงเทพมหานคร,187
11,11,กระบี่,กระบี่,7
10,10,%all%,%all%,3793
10,10,ไม่ระบุ,ไม่ระบุ,1
10,10,แม่ฮ่องสอน,แม่ฮ่องสอน,14
10,10,แพร่,แพร่,5
10,10,เลย,เลย,23
10,10,เพชรบูรณ์,เพชรบูรณ์,33
10,10,เพชรบุรี,เพชรบุรี,24
10,10,เชียงใหม่,เชียงใหม่,97
10,10,เชียงราย,เชียงราย,57
10,10,อ่างทอง,อ่างทอง,20
10,10,อุบลราชธานี,อุบลราชธานี,139
10,10,อุทัยธานี,อุทัยธานี,11
10,10,อุตรดิตถ์,อุตรดิตถ์,55
10,10,อุดรธานี,อุดรธานี,40
10,10,อำนาจเจริญ,อำนาจเจริญ,13
10,10,หนองบัวลำภู,หนองบัวลำภู,35
10,10,หนองคาย,หนองคาย,38
10,10,สุโขทัย,สุโขทัย,10
10,10,สุรินทร์,สุรินทร์,131
10,10,สุราษฎร์ธานี,สุราษฎร์ธานี,48
10,10,สุพรรณบุรี,สุพรรณบุรี,48
10,10,สิงห์บุรี,สิงห์บุรี,19
10,10,สระแก้ว,สระแก้ว,30
10,10,สระบุรี,สระบุรี,45
10,10,สมุทรสาคร,สมุทรสาคร,27
10,10,สมุทรสงคราม,สมุทรสงคราม,6
10,10,สมุทรปราการ,สมุทรปราการ,90
10,10,สตูล,สตูล,4
10,10,สงขลา,สงขลา,45
10,10,สกลนคร,สกลนคร,44
10,10,ศรีสะเกษ,ศรีสะเกษ,51
10,10,ลำพูน,ลำพูน,46
10,10,ลำปาง,ลำปาง,13
10,10,ลพบุรี,ลพบุรี,72
10,10,ร้อยเอ็ด,ร้อยเอ็ด,60
10,10,ราชบุรี,ราชบุรี,36
10,10,ระยอง,ระยอง,73
10,10,ระนอง,ระนอง,1
10,10,ยโสธร,ยโสธร,30
10,10,ยะลา,ยะลา,11
10,10,มุกดาหาร,มุกดาหาร,11
10,10,มหาสารคาม,มหาสารคาม,78
10,10,ภูเก็ต,ภูเก็ต,24
10,10,พิษณุโลก,พิษณุโลก,53
10,10,พิจิตร,พิจิตร,30
10,10,พัทลุง,พัทลุง,12
10,10,พังงา,พังงา,11
10,10,พะเยา,พะเยา,17
10,10,พระนครศรีอยุธยา,พระนครศรีอยุธยา,86
10,10,ปัตตานี,ปัตตานี,3
10,10,ปราจีนบุรี,ปราจีนบุรี,17
10,10,ประจวบคีรีขันธ์,ประจวบคีรีขันธ์,23
10,10,ปทุมธานี,ปทุมธานี,60
10,10,บุรีรัมย์,บุรีรัมย์,160
10,10,บึงกาฬ,บึงกาฬ,36
10,10,น่าน,น่าน,32
10,10,นราธิวาส,นราธิวาส,8
10,10,นนทบุรี,นนทบุรี,92
10,10,นครสวรรค์,นครสวรรค์,52
10,10,นครศรีธรรมราช,นครศรีธรรมราช,92
10,10,นครราชสีมา,นครราชสีมา,250
10,10,นครพนม,นครพนม,73
10,10,นครปฐม,นครปฐม,97
10,10,นครนายก,นครนายก,10
10,10,ตาก,ตาก,9
10,10,ตราด,ตราด,12
10,10,ตรัง,ตรัง,7
10,10,ชุมพร,ชุมพร,9
10,10,ชัยภูมิ,ชัยภูมิ,63
10,10,ชัยนาท,ชัยนาท,20
10,10,ชลบุรี,ชลบุรี,98
10,10,ฉะเชิงเทรา,ฉะเชิงเทรา,36
10,10,จันทบุรี,จันทบุรี,49
10,10,ขอนแก่น,ขอนแก่น,121
10,10,กำแพงเพชร,กำแพงเพชร,29
10,10,กาฬสินธุ์,กาฬสินธุ์,71
10,10,กาญจนบุรี,กาญจนบุรี,26
10,10,กรุงเทพมหานคร,กรุงเทพมหานคร,364
10,10,กระบี่,กระบี่,7
9,9,%all%,%all%,4924
9,9,ไม่ระบุ,ไม่ระบุ,4
9,9,แม่ฮ่องสอน,แม่ฮ่องสอน,18
9,9,แพร่,แพร่,6
9,9,เลย,เลย,26
9,9,เพชรบูรณ์,เพชรบูรณ์,35
9,9,เพชรบุรี,เพชรบุรี,32
9,9,เชียงใหม่,เชียงใหม่,101
9,9,เชียงราย,เชียงราย,72
9,9,อ่างทอง,อ่างทอง,18
9,9,อุบลราชธานี,อุบลราชธานี,228
9,9,อุทัยธานี,อุทัยธานี,3
9,9,อุตรดิตถ์,อุตรดิตถ์,71
9,9,อุดรธานี,อุดรธานี,83
9,9,อำนาจเจริญ,อำนาจเจริญ,27
9,9,หนองบัวลำภู,หนองบัวลำภู,57
9,9,หนองคาย,หนองคาย,45
9,9,สุโขทัย,สุโขทัย,20
9,9,สุรินทร์,สุรินทร์,142
9,9,สุราษฎร์ธานี,สุราษฎร์ธานี,67
9,9,สุพรรณบุรี,สุพรรณบุรี,46
9,9,สิงห์บุรี,สิงห์บุรี,10
9,9,สระแก้ว,สระแก้ว,22
9,9,สระบุรี,สระบุรี,69
9,9,สมุทรสาคร,สมุทรสาคร,42
9,9,สมุทรสงคราม,สมุทรสงคราม,6
9,9,สมุทรปราการ,สมุทรปราการ,152
9,9,สตูล,สตูล,2
9,9,สงขลา,สงขลา,63
9,9,สกลนคร,สกลนคร,36
9,9,ศรีสะเกษ,ศรีสะเกษ,96
9,9,ลำพูน,ลำพูน,68
9,9,ลำปาง,ลำปาง,21
9,9,ลพบุรี,ลพบุรี,72
9,9,ร้อยเอ็ด,ร้อยเอ็ด,101
9,9,ราชบุรี,ราชบุรี,26
9,9,ระยอง,ระยอง,103
9,9,ระนอง,ระนอง,0
9,9,ยโสธร,ยโสธร,65
9,9,ยะลา,ยะลา,7
9,9,มุกดาหาร,มุกดาหาร,15
9,9,มหาสารคาม,มหาสารคาม,105
9,9,ภูเก็ต,ภูเก็ต,56
9,9,พิษณุโลก,พิษณุโลก,37
9,9,พิจิตร,พิจิตร,32
9,9,พัทลุง,พัทลุง,7
9,9,พังงา,พังงา,10
9,9,พะเยา,พะเยา,27
9,9,พระนครศรีอยุธยา,พระนครศรีอยุธยา,105
9,9,ปัตตานี,ปัตตานี,5
9,9,ปราจีนบุรี,ปราจีนบุรี,28
9,9,ประจวบคีรีขันธ์,ประจวบคีรีขันธ์,36
9,9,ปทุมธานี,ปทุมธานี,105
9,9,บุรีรัมย์,บุรีรัมย์,172
9,9,บึงกาฬ,บึงกาฬ,29
9,9,น่าน,น่าน,68
9,9,นราธิวาส,นราธิวาส,25
9,9,นนทบุรี,นนทบุรี,106
9,9,นครสวรรค์,นครสวรรค์,38
9,9,นครศรีธรรมราช,นครศรีธรรมราช,60
9,9,นครราชสีมา,นครราชสีมา,302
9,9,นครพนม,นครพนม,85
9,9,นครปฐม,นครปฐม,128
9,9,นครนายก,นครนายก,16
9,9,ตาก,ตาก,10
9,9,ตราด,ตราด,31
9,9,ตรัง,ตรัง,9
9,9,ชุมพร,ชุมพร,10
9,9,ชัยภูมิ,ชัยภูมิ,88
9,9,ชัยนาท,ชัยนาท,7
9,9,ชลบุรี,ชลบุรี,157
9,9,ฉะเชิงเทรา,ฉะเชิงเทรา,30
9,9,จันทบุรี,จันทบุรี,55
9,9,ขอนแก่น,ขอนแก่น,143
9,9,กำแพงเพชร,กำแพงเพชร,23
9,9,กาฬสินธุ์,กาฬสินธุ์,98
9,9,กาญจนบุรี,กาญจนบุรี,43
9,9,กรุงเทพมหานคร,กรุงเทพมหานคร,555
9,9,กระบี่,กระบี่,6
8,8,%all%,%all%,4664
8,8,ไม่ระบุ,ไม่ระบุ,3
8,8,แม่ฮ่องสอน,แม่ฮ่องสอน,22
8,8,แพร่,แพร่,9
8,8,เลย,เลย,12
8,8,เพชรบูรณ์,เพชรบูรณ์,28
8,8,เพชรบุรี,เพชรบุรี,42
8,8,เชียงใหม่,เชียงใหม่,128
8,8,เชียงราย,เชียงราย,112
8,8,อ่างทอง,อ่างทอง,18
8,8,อุบลราชธานี,อุบลราชธานี,233
8,8,อุทัยธานี,อุทัยธานี,5
8,8,อุตรดิตถ์,อุตรดิตถ์,49
8,8,อุดรธานี,อุดรธานี,71
8,8,อำนาจเจริญ,อำนาจเจริญ,20
8,8,หนองบัวลำภู,หนองบัวลำภู,69
8,8,หนองคาย,หนองคาย,55
8,8,สุโขทัย,สุโขทัย,10
8,8,สุรินทร์,สุรินทร์,209
8,8,สุราษฎร์ธานี,สุราษฎร์ธานี,49
8,8,สุพรรณบุรี,สุพรรณบุรี,40
8,8,สิงห์บุรี,สิงห์บุรี,7
8,8,สระแก้ว,สระแก้ว,28
8,8,สระบุรี,สระบุรี,66
8,8,สมุทรสาคร,สมุทรสาคร,41
8,8,สมุทรสงคราม,สมุทรสงคราม,2
8,8,สมุทรปราการ,สมุทรปราการ,98
8,8,สตูล,สตูล,3
8,8,สงขลา,สงขลา,52
8,8,สกลนคร,สกลนคร,34
8,8,ศรีสะเกษ,ศรีสะเกษ,102
8,8,ลำพูน,ลำพูน,50
8,8,ลำปาง,ลำปาง,30
8,8,ลพบุรี,ลพบุรี,57
8,8,ร้อยเอ็ด,ร้อยเอ็ด,140
8,8,ราชบุรี,ราชบุรี,35
8,8,ระยอง,ระยอง,42
8,8,ระนอง,ระนอง,2
8,8,ยโสธร,ยโสธร,56
8,8,ยะลา,ยะลา,8
8,8,มุกดาหาร,มุกดาหาร,24
8,8,มหาสารคาม,มหาสารคาม,92
8,8,ภูเก็ต,ภูเก็ต,48
8,8,พิษณุโลก,พิษณุโลก,35
8,8,พิจิตร,พิจิตร,21
8,8,พัทลุง,พัทลุง,8
8,8,พังงา,พังงา,3
8,8,พะเยา,พะเยา,27
8,8,พระนครศรีอยุธยา,พระนครศรีอยุธยา,72
8,8,ปัตตานี,ปัตตานี,6
8,8,ปราจีนบุรี,ปราจีนบุรี,22
8,8,ประจวบคีรีขันธ์,ประจวบคีรีขันธ์,38
8,8,ปทุมธานี,ปทุมธานี,90
8,8,บุรีรัมย์,บุรีรัมย์,178
8,8,บึงกาฬ,บึงกาฬ,24
8,8,น่าน,น่าน,89
8,8,นราธิวาส,นราธิวาส,17
8,8,นนทบุรี,นนทบุรี,75
8,8,นครสวรรค์,นครสวรรค์,44
8,8,นครศรีธรรมราช,นครศรีธรรมราช,56
8,8,นครราชสีมา,นครราชสีมา,372
8,8,นครพนม,นครพนม,82
8,8,นครปฐม,นครปฐม,98
8,8,นครนายก,นครนายก,5
8,8,ตาก,ตาก,9
8,8,ตราด,ตราด,21
8,8,ตรัง,ตรัง,6
8,8,ชุมพร,ชุมพร,10
8,8,ชัยภูมิ,ชัยภูมิ,96
8,8,ชัยนาท,ชัยนาท,16
8,8,ชลบุรี,ชลบุรี,100
8,8,ฉะเชิงเทรา,ฉะเชิงเทรา,27
8,8,จันทบุรี,จันทบุรี,32
8,8,ขอนแก่น,ขอนแก่น,148
8,8,กำแพงเพชร,กำแพงเพชร,40
8,8,กาฬสินธุ์,กาฬสินธุ์,96
8,8,กาญจนบุรี,กาญจนบุรี,31
8,8,กรุงเทพมหานคร,กรุงเทพมหานคร,464
8,8,กระบี่,กระบี่,5
7,7,%all%,%all%,4078
7,7,ไม่ระบุ,ไม่ระบุ,1
7,7,แม่ฮ่องสอน,แม่ฮ่องสอน,10
7,7,แพร่,แพร่,16
7,7,เลย,เลย,14
7,7,เพชรบูรณ์,เพชรบูรณ์,29
7,7,เพชรบุรี,เพชรบุรี,36
7,7,เชียงใหม่,เชียงใหม่,114
7,7,เชียงราย,เชียงราย,127
7,7,อ่างทอง,อ่างทอง,20
7,7,อุบลราชธานี,อุบลราชธานี,207
7,7,อุทัยธานี,อุทัยธานี,4
7,7,อุตรดิตถ์,อุตรดิตถ์,27
7,7,อุดรธานี,อุดรธานี,47
7,7,อำนาจเจริญ,อำนาจเจริญ,18
7,7,หนองบัวลำภู,หนองบัวลำภู,34
7,7,หนองคาย,หนองคาย,33
7,7,สุโขทัย,สุโขทัย,16
7,7,สุรินทร์,สุรินทร์,177
7,7,สุราษฎร์ธานี,สุราษฎร์ธานี,35
7,7,สุพรรณบุรี,สุพรรณบุรี,21
7,7,สิงห์บุรี,สิงห์บุรี,6
7,7,สระแก้ว,สระแก้ว,21
7,7,สระบุรี,สระบุรี,71
7,7,สมุทรสาคร,สมุทรสาคร,19
7,7,สมุทรสงคราม,สมุทรสงคราม,3
7,7,สมุทรปราการ,สมุทรปราการ,84
7,7,สตูล,สตูล,0
7,7,สงขลา,สงขลา,54
7,7,สกลนคร,สกลนคร,25
7,7,ศรีสะเกษ,ศรีสะเกษ,93
7,7,ลำพูน,ลำพูน,63
7,7,ลำปาง,ลำปาง,46
7,7,ลพบุรี,ลพบุรี,29
7,7,ร้อยเอ็ด,ร้อยเอ็ด,111
7,7,ราชบุรี,ราชบุรี,39
7,7,ระยอง,ระยอง,27
7,7,ระนอง,ระนอง,1
7,7,ยโสธร,ยโสธร,40
7,7,ยะลา,ยะลา,6
7,7,มุกดาหาร,มุกดาหาร,9
7,7,มหาสารคาม,มหาสารคาม,49
7,7,ภูเก็ต,ภูเก็ต,50
7,7,พิษณุโลก,พิษณุโลก,27
7,7,พิจิตร,พิจิตร,29
7,7,พัทลุง,พัทลุง,11
7,7,พังงา,พังงา,5
7,7,พะเยา,พะเยา,64
7,7,พระนครศรีอยุธยา,พระนครศรีอยุธยา,59
7,7,ปัตตานี,ปัตตานี,4
7,7,ปราจีนบุรี,ปราจีนบุรี,17
7,7,ประจวบคีรีขันธ์,ประจวบคีรีขันธ์,23
7,7,ปทุมธานี,ปทุมธานี,83
7,7,บุรีรัมย์,บุรีรัมย์,86
7,7,บึงกาฬ,บึงกาฬ,31
7,7,น่าน,น่าน,87
7,7,นราธิวาส,นราธิวาส,15
7,7,นนทบุรี,นนทบุรี,97
7,7,นครสวรรค์,นครสวรรค์,38
7,7,นครศรีธรรมราช,นครศรีธรรมราช,68
7,7,นครราชสีมา,นครราชสีมา,297
7,7,นครพนม,นครพนม,71
7,7,นครปฐม,นครปฐม,68
7,7,นครนายก,นครนายก,8
7,7,ตาก,ตาก,10
7,7,ตราด,ตราด,48
7,7,ตรัง,ตรัง,4
7,7,ชุมพร,ชุมพร,17
7,7,ชัยภูมิ,ชัยภูมิ,101
7,7,ชัยนาท,ชัยนาท,5
7,7,ชลบุรี,ชลบุรี,119
7,7,ฉะเชิงเทรา,ฉะเชิงเทรา,23
7,7,จันทบุรี,จันทบุรี,29
7,7,ขอนแก่น,ขอนแก่น,145
7,7,กำแพงเพชร,กำแพงเพชร,30
7,7,กาฬสินธุ์,กาฬสินธุ์,48
7,7,กาญจนบุรี,กาญจนบุรี,32
7,7,กรุงเทพมหานคร,กรุงเทพมหานคร,442
7,7,กระบี่,กระบี่,5
6,6,%all%,%all%,3819
6,6,ไม่ระบุ,ไม่ระบุ,1
6,6,แม่ฮ่องสอน,แม่ฮ่องสอน,10
6,6,แพร่,แพร่,16
6,6,เลย,เลย,9
6,6,เพชรบูรณ์,เพชรบูรณ์,21
6,6,เพชรบุรี,เพชรบุรี,33
6,6,เชียงใหม่,เชียงใหม่,206
6,6,เชียงราย,เชียงราย,137
6,6,อ่างทอง,อ่างทอง,24
6,6,อุบลราชธานี,อุบลราชธานี,155
6,6,อุทัยธานี,อุทัยธานี,2
6,6,อุตรดิตถ์,อุตรดิตถ์,20
6,6,อุดรธานี,อุดรธานี,42
6,6,อำนาจเจริญ,อำนาจเจริญ,17
6,6,หนองบัวลำภู,หนองบัวลำภู,15
6,6,หนองคาย,หนองคาย,21
6,6,สุโขทัย,สุโขทัย,17
6,6,สุรินทร์,สุรินทร์,167
6,6,สุราษฎร์ธานี,สุราษฎร์ธานี,36
6,6,สุพรรณบุรี,สุพรรณบุรี,21
6,6,สิงห์บุรี,สิงห์บุรี,1
6,6,สระแก้ว,สระแก้ว,27
6,6,สระบุรี,สระบุรี,89
6,6,สมุทรสาคร,สมุทรสาคร,30
6,6,สมุทรสงคราม,สมุทรสงคราม,4
6,6,สมุทรปราการ,สมุทรปราการ,57
6,6,สตูล,สตูล,2
6,6,สงขลา,สงขลา,71
6,6,สกลนคร,สกลนคร,26
6,6,ศรีสะเกษ,ศรีสะเกษ,72
6,6,ลำพูน,ลำพูน,60
6,6,ลำปาง,ลำปาง,90
6,6,ลพบุรี,ลพบุรี,19
6,6,ร้อยเอ็ด,ร้อยเอ็ด,66
6,6,ราชบุรี,ราชบุรี,32
6,6,ระยอง,ระยอง,28
6,6,ระนอง,ระนอง,2
6,6,ยโสธร,ยโสธร,42
6,6,ยะลา,ยะลา,8
6,6,มุกดาหาร,มุกดาหาร,23
6,6,มหาสารคาม,มหาสารคาม,56
6,6,ภูเก็ต,ภูเก็ต,41
6,6,พิษณุโลก,พิษณุโลก,31
6,6,พิจิตร,พิจิตร,15
6,6,พัทลุง,พัทลุง,15
6,6,พังงา,พังงา,3
6,6,พะเยา,พะเยา,110
6,6,พระนครศรีอยุธยา,พระนครศรีอยุธยา,72
6,6,ปัตตานี,ปัตตานี,8
6,6,ปราจีนบุรี,ปราจีนบุรี,28
6,6,ประจวบคีรีขันธ์,ประจวบคีรีขันธ์,19
6,6,ปทุมธานี,ปทุมธานี,71
6,6,บุรีรัมย์,บุรีรัมย์,66
6,6,บึงกาฬ,บึงกาฬ,15
6,6,น่าน,น่าน,50
6,6,นราธิวาส,นราธิวาส,11
6,6,นนทบุรี,นนทบุรี,77
6,6,นครสวรรค์,นครสวรรค์,36
6,6,นครศรีธรรมราช,นครศรีธรรมราช,57
6,6,นครราชสีมา,นครราชสีมา,299
6,6,นครพนม,นครพนม,49
6,6,นครปฐม,นครปฐม,53
6,6,นครนายก,นครนายก,11
6,6,ตาก,ตาก,6
6,6,ตราด,ตราด,26
6,6,ตรัง,ตรัง,13
6,6,ชุมพร,ชุมพร,21
6,6,ชัยภูมิ,ชัยภูมิ,101
6,6,ชัยนาท,ชัยนาท,10
6,6,ชลบุรี,ชลบุรี,83
6,6,ฉะเชิงเทรา,ฉะเชิงเทรา,16
6,6,จันทบุรี,จันทบุรี,30
6,6,ขอนแก่น,ขอนแก่น,121
6,6,กำแพงเพชร,กำแพงเพชร,29
6,6,กาฬสินธุ์,กาฬสินธุ์,38
6,6,กาญจนบุรี,กาญจนบุรี,21
6,6,กรุงเทพมหานคร,กรุงเทพมหานคร,387
6,6,กระบี่,กระบี่,5
5,5,%all%,%all%,3223
5,5,แม่ฮ่องสอน,แม่ฮ่องสอน,12
5,5,แพร่,แพร่,23
5,5,เลย,เลย,12
5,5,เพชรบูรณ์,เพชรบูรณ์,11
5,5,เพชรบุรี,เพชรบุรี,34
5,5,เชียงใหม่,เชียงใหม่,218
5,5,เชียงราย,เชียงราย,181
5,5,อ่างทอง,อ่างทอง,11
5,5,อุบลราชธานี,อุบลราชธานี,170
5,5,อุทัยธานี,อุทัยธานี,0
5,5,อุตรดิตถ์,อุตรดิตถ์,14
5,5,อุดรธานี,อุดรธานี,28
5,5,อำนาจเจริญ,อำนาจเจริญ,21
5,5,หนองบัวลำภู,หนองบัวลำภู,14
5,5,หนองคาย,หนองคาย,11
5,5,สุโขทัย,สุโขทัย,12
5,5,สุรินทร์,สุรินทร์,128
5,5,สุราษฎร์ธานี,สุราษฎร์ธานี,26
5,5,สุพรรณบุรี,สุพรรณบุรี,24
5,5,สิงห์บุรี,สิงห์บุรี,1
5,5,สระแก้ว,สระแก้ว,27
5,5,สระบุรี,สระบุรี,20
5,5,สมุทรสาคร,สมุทรสาคร,17
5,5,สมุทรสงคราม,สมุทรสงคราม,0
5,5,สมุทรปราการ,สมุทรปราการ,51
5,5,สตูล,สตูล,0
5,5,สงขลา,สงขลา,53
5,5,สกลนคร,สกลนคร,20
5,5,ศรีสะเกษ,ศรีสะเกษ,66
5,5,ลำพูน,ลำพูน,52
5,5,ลำปาง,ลำปาง,51
5,5,ลพบุรี,ลพบุรี,15
5,5,ร้อยเอ็ด,ร้อยเอ็ด,58
5,5,ราชบุรี,ราชบุรี,44
5,5,ระยอง,ระยอง,50
5,5,ระนอง,ระนอง,1
5,5,ยโสธร,ยโสธร,18
5,5,ยะลา,ยะลา,3
5,5,มุกดาหาร,มุกดาหาร,28
5,5,มหาสารคาม,มหาสารคาม,50
5,5,ภูเก็ต,ภูเก็ต,25
5,5,พิษณุโลก,พิษณุโลก,39
5,5,พิจิตร,พิจิตร,4
5,5,พัทลุง,พัทลุง,20
5,5,พังงา,พังงา,6
5,5,พะเยา,พะเยา,92
5,5,พระนครศรีอยุธยา,พระนครศรีอยุธยา,60
5,5,ปัตตานี,ปัตตานี,9
5,5,ปราจีนบุรี,ปราจีนบุรี,22
5,5,ประจวบคีรีขันธ์,ประจวบคีรีขันธ์,28
5,5,ปทุมธานี,ปทุมธานี,67
5,5,บุรีรัมย์,บุรีรัมย์,50
5,5,บึงกาฬ,บึงกาฬ,3
5,5,น่าน,น่าน,23
5,5,นราธิวาส,นราธิวาส,10
5,5,นนทบุรี,นนทบุรี,100
5,5,นครสวรรค์,นครสวรรค์,31
5,5,นครศรีธรรมราช,นครศรีธรรมราช,49
5,5,นครราชสีมา,นครราชสีมา,159
5,5,นครพนม,นครพนม,19
5,5,นครปฐม,นครปฐม,37
5,5,นครนายก,นครนายก,9
5,5,ตาก,ตาก,21
5,5,ตราด,ตราด,30
5,5,ตรัง,ตรัง,13
5,5,ชุมพร,ชุมพร,14
5,5,ชัยภูมิ,ชัยภูมิ,61
5,5,ชัยนาท,ชัยนาท,3
5,5,ชลบุรี,ชลบุรี,64
5,5,ฉะเชิงเทรา,ฉะเชิงเทรา,16
5,5,จันทบุรี,จันทบุรี,4
5,5,ขอนแก่น,ขอนแก่น,86
5,5,กำแพงเพชร,กำแพงเพชร,24
5,5,กาฬสินธุ์,กาฬสินธุ์,30
5,5,กาญจนบุรี,กาญจนบุรี,7
5,5,กรุงเทพมหานคร,กรุงเทพมหานคร,407
5,5,กระบี่,กระบี่,6
4,4,%all%,%all%,2863
4,4,ไม่ระบุ,ไม่ระบุ,3
4,4,แม่ฮ่องสอน,แม่ฮ่องสอน,12
4,4,แพร่,แพร่,21
4,4,เลย,เลย,4
4,4,เพชรบูรณ์,เพชรบูรณ์,15
4,4,เพชรบุรี,เพชรบุรี,32
4,4,เชียงใหม่,เชียงใหม่,232
4,4,เชียงราย,เชียงราย,163
4,4,อ่างทอง,อ่างทอง,17
4,4,อุบลราชธานี,อุบลราชธานี,143
4,4,อุทัยธานี,อุทัยธานี,4
4,4,อุตรดิตถ์,อุตรดิตถ์,9
4,4,อุดรธานี,อุดรธานี,15
4,4,อำนาจเจริญ,อำนาจเจริญ,8
4,4,หนองบัวลำภู,หนองบัวลำภู,11
4,4,หนองคาย,หนองคาย,7
4,4,สุโขทัย,สุโขทัย,4
4,4,สุรินทร์,สุรินทร์,91
4,4,สุราษฎร์ธานี,สุราษฎร์ธานี,19
4,4,สุพรรณบุรี,สุพรรณบุรี,20
4,4,สิงห์บุรี,สิงห์บุรี,1
4,4,สระแก้ว,สระแก้ว,11
4,4,สระบุรี,สระบุรี,25
4,4,สมุทรสาคร,สมุทรสาคร,15
4,4,สมุทรสงคราม,สมุทรสงคราม,2
4,4,สมุทรปราการ,สมุทรปราการ,75
4,4,สตูล,สตูล,2
4,4,สงขลา,สงขลา,38
4,4,สกลนคร,สกลนคร,17
4,4,ศรีสะเกษ,ศรีสะเกษ,36
4,4,ลำพูน,ลำพูน,34
4,4,ลำปาง,ลำปาง,95
4,4,ลพบุรี,ลพบุรี,7
4,4,ร้อยเอ็ด,ร้อยเอ็ด,45
4,4,ราชบุรี,ราชบุรี,47
4,4,ระยอง,ระยอง,46
4,4,ระนอง,ระนอง,1
4,4,ยโสธร,ยโสธร,9
4,4,ยะลา,ยะลา,4
4,4,มุกดาหาร,มุกดาหาร,12
4,4,มหาสารคาม,มหาสารคาม,18
4,4,ภูเก็ต,ภูเก็ต,24
4,4,พิษณุโลก,พิษณุโลก,21
4,4,พิจิตร,พิจิตร,7
4,4,พัทลุง,พัทลุง,27
4,4,พังงา,พังงา,3
4,4,พะเยา,พะเยา,74
4,4,พระนครศรีอยุธยา,พระนครศรีอยุธยา,37
4,4,ปัตตานี,ปัตตานี,5
4,4,ปราจีนบุรี,ปราจีนบุรี,12
4,4,ประจวบคีรีขันธ์,ประจวบคีรีขันธ์,17
4,4,ปทุมธานี,ปทุมธานี,88
4,4,บุรีรัมย์,บุรีรัมย์,25
4,4,บึงกาฬ,บึงกาฬ,1
4,4,น่าน,น่าน,24
4,4,นราธิวาส,นราธิวาส,14
4,4,นนทบุรี,นนทบุรี,108
4,4,นครสวรรค์,นครสวรรค์,14
4,4,นครศรีธรรมราช,นครศรีธรรมราช,37
4,4,นครราชสีมา,นครราชสีมา,102
4,4,นครพนม,นครพนม,16
4,4,นครปฐม,นครปฐม,49
4,4,นครนายก,นครนายก,5
4,4,ตาก,ตาก,29
4,4,ตราด,ตราด,5
4,4,ตรัง,ตรัง,12
4,4,ชุมพร,ชุมพร,13
4,4,ชัยภูมิ,ชัยภูมิ,46
4,4,ชัยนาท,ชัยนาท,6
4,4,ชลบุรี,ชลบุรี,82
4,4,ฉะเชิงเทรา,ฉะเชิงเทรา,31
4,4,จันทบุรี,จันทบุรี,6
4,4,ขอนแก่น,ขอนแก่น,45
4,4,กำแพงเพชร,กำแพงเพชร,13
4,4,กาฬสินธุ์,กาฬสินธุ์,12
4,4,กาญจนบุรี,กาญจนบุรี,17
4,4,กรุงเทพมหานคร,กรุงเทพมหานคร,460
4,4,กระบี่,กระบี่,6
3,3,%all%,%all%,2323
3,3,แม่ฮ่องสอน,แม่ฮ่องสอน,12
3,3,แพร่,แพร่,12
3,3,เลย,เลย,1
3,3,เพชรบูรณ์,เพชรบูรณ์,10
3,3,เพชรบุรี,เพชรบุรี,23
3,3,เชียงใหม่,เชียงใหม่,142
3,3,เชียงราย,เชียงราย,91
3,3,อ่างทอง,อ่างทอง,7
3,3,อุบลราชธานี,อุบลราชธานี,89
3,3,อุทัยธานี,อุทัยธานี,1
3,3,อุตรดิตถ์,อุตรดิตถ์,8
3,3,อุดรธานี,อุดรธานี,17
3,3,อำนาจเจริญ,อำนาจเจริญ,6
3,3,หนองบัวลำภู,หนองบัวลำภู,4
3,3,หนองคาย,หนองคาย,5
3,3,สุโขทัย,สุโขทัย,5
3,3,สุรินทร์,สุรินทร์,92
3,3,สุราษฎร์ธานี,สุราษฎร์ธานี,32
3,3,สุพรรณบุรี,สุพรรณบุรี,15
3,3,สิงห์บุรี,สิงห์บุรี,8
3,3,สระแก้ว,สระแก้ว,6
3,3,สระบุรี,สระบุรี,17
3,3,สมุทรสาคร,สมุทรสาคร,25
3,3,สมุทรสงคราม,สมุทรสงคราม,2
3,3,สมุทรปราการ,สมุทรปราการ,89
3,3,สตูล,สตูล,2
3,3,สงขลา,สงขลา,40
3,3,สกลนคร,สกลนคร,32
3,3,ศรีสะเกษ,ศรีสะเกษ,22
3,3,ลำพูน,ลำพูน,37
3,3,ลำปาง,ลำปาง,96
3,3,ลพบุรี,ลพบุรี,12
3,3,ร้อยเอ็ด,ร้อยเอ็ด,31
3,3,ราชบุรี,ราชบุรี,34
3,3,ระยอง,ระยอง,29
3,3,ระนอง,ระนอง,3
3,3,ยโสธร,ยโสธร,8
3,3,ยะลา,ยะลา,4
3,3,มุกดาหาร,มุกดาหาร,4
3,3,มหาสารคาม,มหาสารคาม,9
3,3,ภูเก็ต,ภูเก็ต,15
3,3,พิษณุโลก,พิษณุโลก,15
3,3,พิจิตร,พิจิตร,7
3,3,พัทลุง,พัทลุง,17
3,3,พังงา,พังงา,3
3,3,พะเยา,พะเยา,50
3,3,พระนครศรีอยุธยา,พระนครศรีอยุธยา,23
3,3,ปัตตานี,ปัตตานี,3
3,3,ปราจีนบุรี,ปราจีนบุรี,10
3,3,ประจวบคีรีขันธ์,ประจวบคีรีขันธ์,6
3,3,ปทุมธานี,ปทุมธานี,49
3,3,บุรีรัมย์,บุรีรัมย์,14
3,3,บึงกาฬ,บึงกาฬ,3
3,3,น่าน,น่าน,5
3,3,นราธิวาส,นราธิวาส,8
3,3,นนทบุรี,นนทบุรี,108
3,3,นครสวรรค์,นครสวรรค์,10
3,3,นครศรีธรรมราช,นครศรีธรรมราช,36
3,3,นครราชสีมา,นครราชสีมา,75
3,3,นครพนม,นครพนม,14
3,3,นครปฐม,นครปฐม,27
3,3,นครนายก,นครนายก,6
3,3,ตาก,ตาก,14
3,3,ตราด,ตราด,8
3,3,ตรัง,ตรัง,7
3,3,ชุมพร,ชุมพร,7
3,3,ชัยภูมิ,ชัยภูมิ,15
3,3,ชัยนาท,ชัยนาท,6
3,3,ชลบุรี,ชลบุรี,68
3,3,ฉะเชิงเทรา,ฉะเชิงเทรา,16
3,3,จันทบุรี,จันทบุรี,8
3,3,ขอนแก่น,ขอนแก่น,27
3,3,กำแพงเพชร,กำแพงเพชร,27
3,3,กาฬสินธุ์,กาฬสินธุ์,13
3,3,กาญจนบุรี,กาญจนบุรี,16
3,3,กรุงเทพมหานคร,กรุงเทพมหานคร,498
3,3,กระบี่,กระบี่,7
2,2,%all%,%all%,1367
2,2,ไม่ระบุ,ไม่ระบุ,0
2,2,แม่ฮ่องสอน,แม่ฮ่องสอน,6
2,2,แพร่,แพร่,4
2,2,เลย,เลย,5
2,2,เพชรบูรณ์,เพชรบูรณ์,3
2,2,เพชรบุรี,เพชรบุรี,11
2,2,เชียงใหม่,เชียงใหม่,80
2,2,เชียงราย,เชียงราย,61
2,2,อ่างทอง,อ่างทอง,7
2,2,อุบลราชธานี,อุบลราชธานี,58
2,2,อุทัยธานี,อุทัยธานี,1
2,2,อุตรดิตถ์,อุตรดิตถ์,2
2,2,อุดรธานี,อุดรธานี,16
2,2,อำนาจเจริญ,อำนาจเจริญ,6
2,2,หนองบัวลำภู,หนองบัวลำภู,7
2,2,หนองคาย,หนองคาย,4
2,2,สุโขทัย,สุโขทัย,2
2,2,สุรินทร์,สุรินทร์,45
2,2,สุราษฎร์ธานี,สุราษฎร์ธานี,15
2,2,สุพรรณบุรี,สุพรรณบุรี,4
2,2,สิงห์บุรี,สิงห์บุรี,6
2,2,สระแก้ว,สระแก้ว,4
2,2,สระบุรี,สระบุรี,7
2,2,สมุทรสาคร,สมุทรสาคร,17
2,2,สมุทรสงคราม,สมุทรสงคราม,4
2,2,สมุทรปราการ,สมุทรปราการ,49
2,2,สตูล,สตูล,0
2,2,สงขลา,สงขลา,32
2,2,สกลนคร,สกลนคร,11
2,2,ศรีสะเกษ,ศรีสะเกษ,20
2,2,ลำพูน,ลำพูน,22
2,2,ลำปาง,ลำปาง,53
2,2,ลพบุรี,ลพบุรี,9
2,2,ร้อยเอ็ด,ร้อยเอ็ด,23
2,2,ราชบุรี,ราชบุรี,22
2,2,ระยอง,ระยอง,10
2,2,ระนอง,ระนอง,1
2,2,ยโสธร,ยโสธร,8
2,2,ยะลา,ยะลา,5
2,2,มุกดาหาร,มุกดาหาร,8
2,2,มหาสารคาม,มหาสารคาม,9
2,2,ภูเก็ต,ภูเก็ต,13
2,2,พิษณุโลก,พิษณุโลก,7
2,2,พิจิตร,พิจิตร,6
2,2,พัทลุง,พัทลุง,16
2,2,พังงา,พังงา,5
2,2,พะเยา,พะเยา,24
2,2,พระนครศรีอยุธยา,พระนครศรีอยุธยา,11
2,2,ปัตตานี,ปัตตานี,11
2,2,ปราจีนบุรี,ปราจีนบุรี,3
2,2,ประจวบคีรีขันธ์,ประจวบคีรีขันธ์,3
2,2,ปทุมธานี,ปทุมธานี,24
2,2,บุรีรัมย์,บุรีรัมย์,9
2,2,บึงกาฬ,บึงกาฬ,1
2,2,น่าน,น่าน,10
2,2,นราธิวาส,นราธิวาส,10
2,2,นนทบุรี,นนทบุรี,42
2,2,นครสวรรค์,นครสวรรค์,7
2,2,นครศรีธรรมราช,นครศรีธรรมราช,26
2,2,นครราชสีมา,นครราชสีมา,29
2,2,นครพนม,นครพนม,4
2,2,นครปฐม,นครปฐม,16
2,2,นครนายก,นครนายก,5
2,2,ตาก,ตาก,8
2,2,ตราด,ตราด,2
2,2,ตรัง,ตรัง,11
2,2,ชุมพร,ชุมพร,6
2,2,ชัยภูมิ,ชัยภูมิ,7
2,2,ชัยนาท,ชัยนาท,1
2,2,ชลบุรี,ชลบุรี,34
2,2,ฉะเชิงเทรา,ฉะเชิงเทรา,13
2,2,จันทบุรี,จันทบุรี,5
2,2,ขอนแก่น,ขอนแก่น,17
2,2,กำแพงเพชร,กำแพงเพชร,5
2,2,กาฬสินธุ์,กาฬสินธุ์,3
2,2,กาญจนบุรี,กาญจนบุรี,4
2,2,กรุงเทพมหานคร,กรุงเทพมหานคร,307
2,2,กระบี่,กระบี่,5
1,1,%all%,%all%,588
1,1,แม่ฮ่องสอน,แม่ฮ่องสอน,2
1,1,แพร่,แพร่,3
1,1,เลย,เลย,3
1,1,เพชรบูรณ์,เพชรบูรณ์,1
1,1,เพชรบุรี,เพชรบุรี,6
1,1,เชียงใหม่,เชียงใหม่,22
1,1,เชียงราย,เชียงราย,14
1,1,อ่างทอง,อ่างทอง,0
1,1,อุบลราชธานี,อุบลราชธานี,21
1,1,อุทัยธานี,อุทัยธานี,1
1,1,อุตรดิตถ์,อุตรดิตถ์,7
1,1,อุดรธานี,อุดรธานี,6
1,1,อำนาจเจริญ,อำนาจเจริญ,1
1,1,หนองบัวลำภู,หนองบัวลำภู,1
1,1,หนองคาย,หนองคาย,1
1,1,สุโขทัย,สุโขทัย,0
1,1,สุรินทร์,สุรินทร์,18
1,1,สุราษฎร์ธานี,สุราษฎร์ธานี,4
1,1,สุพรรณบุรี,สุพรรณบุรี,3
1,1,สิงห์บุรี,สิงห์บุรี,1
1,1,สระแก้ว,สระแก้ว,0
1,1,สระบุรี,สระบุรี,2
1,1,สมุทรสาคร,สมุทรสาคร,10
1,1,สมุทรสงคราม,สมุทรสงคราม,1
1,1,สมุทรปราการ,สมุทรปราการ,29
1,1,สตูล,สตูล,1
1,1,สงขลา,สงขลา,23
1,1,สกลนคร,สกลนคร,1
1,1,ศรีสะเกษ,ศรีสะเกษ,10
1,1,ลำพูน,ลำพูน,14
1,1,ลำปาง,ลำปาง,22
1,1,ลพบุรี,ลพบุรี,0
1,1,ร้อยเอ็ด,ร้อยเอ็ด,6
1,1,ราชบุรี,ราชบุรี,8
1,1,ระยอง,ระยอง,5
1,1,ระนอง,ระนอง,0
1,1,ยโสธร,ยโสธร,2
1,1,ยะลา,ยะลา,1
1,1,มุกดาหาร,มุกดาหาร,2
1,1,มหาสารคาม,มหาสารคาม,1
1,1,ภูเก็ต,ภูเก็ต,7
1,1,พิษณุโลก,พิษณุโลก,0
1,1,พิจิตร,พิจิตร,3
1,1,พัทลุง,พัทลุง,6
1,1,พังงา,พังงา,3
1,1,พะเยา,พะเยา,13
1,1,พระนครศรีอยุธยา,พระนครศรีอยุธยา,11
1,1,ปัตตานี,ปัตตานี,2
1,1,ปราจีนบุรี,ปราจีนบุรี,3
1,1,ประจวบคีรีขันธ์,ประจวบคีรีขันธ์,11
1,1,ปทุมธานี,ปทุมธานี,14
1,1,บุรีรัมย์,บุรีรัมย์,7
1,1,บึงกาฬ,บึงกาฬ,1
1,1,น่าน,น่าน,0
1,1,นราธิวาส,นราธิวาส,11
1,1,นนทบุรี,นนทบุรี,14
1,1,นครสวรรค์,นครสวรรค์,2
1,1,นครศรีธรรมราช,นครศรีธรรมราช,10
1,1,นครราชสีมา,นครราชสีมา,12
1,1,นครพนม,นครพนม,6
1,1,นครปฐม,นครปฐม,7
1,1,นครนายก,นครนายก,1
1,1,ตาก,ตาก,2
1,1,ตราด,ตราด,1
1,1,ตรัง,ตรัง,3
1,1,ชุมพร,ชุมพร,6
1,1,ชัยภูมิ,ชัยภูมิ,1
1,1,ชัยนาท,ชัยนาท,0
1,1,ชลบุรี,ชลบุรี,26
1,1,ฉะเชิงเทรา,ฉะเชิงเทรา,3
1,1,จันทบุรี,จันทบุรี,2
1,1,ขอนแก่น,ขอนแก่น,10
1,1,กำแพงเพชร,กำแพงเพชร,4
1,1,กาฬสินธุ์,กาฬสินธุ์,4
1,1,กาญจนบุรี,กาญจนบุรี,5
1,1,กรุงเทพมหานคร,กรุงเทพมหานคร,118
1,1,กระบี่,กระบี่,6
%all%,%all%,%all%,%all%,145530
%all%,%all%,ไม่ระบุ,ไม่ระบุ,63
%all%,%all%,แม่ฮ่องสอน,แม่ฮ่องสอน,475
%all%,%all%,แพร่,แพร่,758
%all%,%all%,เลย,เลย,628
%all%,%all%,เพชรบูรณ์,เพชรบูรณ์,1429
%all%,%all%,เพชรบุรี,เพชรบุรี,1037
%all%,%all%,เชียงใหม่,เชียงใหม่,4276
%all%,%all%,เชียงราย,เชียงราย,1835
%all%,%all%,อ่างทอง,อ่างทอง,563
%all%,%all%,อุบลราชธานี,อุบลราชธานี,4954
%all%,%all%,อุทัยธานี,อุทัยธานี,342
%all%,%all%,อุตรดิตถ์,อุตรดิตถ์,1108
%all%,%all%,อุดรธานี,อุดรธานี,1685
%all%,%all%,อำนาจเจริญ,อำนาจเจริญ,442
%all%,%all%,หนองบัวลำภู,หนองบัวลำภู,1003
%all%,%all%,หนองคาย,หนองคาย,1092
%all%,%all%,สุโขทัย,สุโขทัย,807
%all%,%all%,สุรินทร์,สุรินทร์,3207
%all%,%all%,สุราษฎร์ธานี,สุราษฎร์ธานี,2477
%all%,%all%,สุพรรณบุรี,สุพรรณบุรี,1770
%all%,%all%,สิงห์บุรี,สิงห์บุรี,519
%all%,%all%,สระแก้ว,สระแก้ว,652
%all%,%all%,สระบุรี,สระบุรี,1535
%all%,%all%,สมุทรสาคร,สมุทรสาคร,1458
%all%,%all%,สมุทรสงคราม,สมุทรสงคราม,337
%all%,%all%,สมุทรปราการ,สมุทรปราการ,4371
%all%,%all%,สตูล,สตูล,329
%all%,%all%,สงขลา,สงขลา,2298
%all%,%all%,สกลนคร,สกลนคร,922
%all%,%all%,ศรีสะเกษ,ศรีสะเกษ,2117
%all%,%all%,ลำพูน,ลำพูน,1278
%all%,%all%,ลำปาง,ลำปาง,1289
%all%,%all%,ลพบุรี,ลพบุรี,1818
%all%,%all%,ร้อยเอ็ด,ร้อยเอ็ด,1763
%all%,%all%,ราชบุรี,ราชบุรี,1778
%all%,%all%,ระยอง,ระยอง,2467
%all%,%all%,ระนอง,ระนอง,201
%all%,%all%,ยโสธร,ยโสธร,868
%all%,%all%,ยะลา,ยะลา,762
%all%,%all%,มุกดาหาร,มุกดาหาร,526
%all%,%all%,มหาสารคาม,มหาสารคาม,1262
%all%,%all%,ภูเก็ต,ภูเก็ต,1693
%all%,%all%,พิษณุโลก,พิษณุโลก,1727
%all%,%all%,พิจิตร,พิจิตร,1142
%all%,%all%,พัทลุง,พัทลุง,836
%all%,%all%,พังงา,พังงา,453
%all%,%all%,พะเยา,พะเยา,1351
%all%,%all%,พระนครศรีอยุธยา,พระนครศรีอยุธยา,2407
%all%,%all%,ปัตตานี,ปัตตานี,446
%all%,%all%,ปราจีนบุรี,ปราจีนบุรี,916
%all%,%all%,ประจวบคีรีขันธ์,ประจวบคีรีขันธ์,1010
%all%,%all%,ปทุมธานี,ปทุมธานี,2937
%all%,%all%,บุรีรัมย์,บุรีรัมย์,3255
%all%,%all%,บึงกาฬ,บึงกาฬ,365
%all%,%all%,น่าน,น่าน,818
%all%,%all%,นราธิวาส,นราธิวาส,582
%all%,%all%,นนทบุรี,นนทบุรี,4396
%all%,%all%,นครสวรรค์,นครสวรรค์,2359
%all%,%all%,นครศรีธรรมราช,นครศรีธรรมราช,3110
%all%,%all%,นครราชสีมา,นครราชสีมา,7020
%all%,%all%,นครพนม,นครพนม,1123
%all%,%all%,นครปฐม,นครปฐม,2853
%all%,%all%,นครนายก,นครนายก,554
%all%,%all%,ตาก,ตาก,859
%all%,%all%,ตราด,ตราด,823
%all%,%all%,ตรัง,ตรัง,1075
%all%,%all%,ชุมพร,ชุมพร,1243
%all%,%all%,ชัยภูมิ,ชัยภูมิ,2239
%all%,%all%,ชัยนาท,ชัยนาท,706
%all%,%all%,ชลบุรี,ชลบุรี,6341
%all%,%all%,ฉะเชิงเทรา,ฉะเชิงเทรา,2021
%all%,%all%,จันทบุรี,จันทบุรี,2077
%all%,%all%,ขอนแก่น,ขอนแก่น,3390
%all%,%all%,กำแพงเพชร,กำแพงเพชร,1330
%all%,%all%,กาฬสินธุ์,กาฬสินธุ์,1486
%all%,%all%,กาญจนบุรี,กาญจนบุรี,1201
%all%,%all%,กรุงเทพมหานคร,กรุงเทพมหานคร,20151
%all%,%all%,กระบี่,กระบี่,734
