สัปดาห์-value,สัปดาห์-alias,จังหวัด-value,จังหวัด-alias,AGG(ข้อมูล)-alias
52,52,%all%,%all%,9
52,52,แพร่,แพร่,0
52,52,เพชรบูรณ์,เพชรบูรณ์,0
52,52,เพชรบุรี,เพชรบุรี,0
52,52,เชียงใหม่,เชียงใหม่,0
52,52,เชียงราย,เชียงราย,0
52,52,อุดรธานี,อุดรธานี,0
52,52,สุรินทร์,สุรินทร์,0
52,52,สุราษฎร์ธานี,สุราษฎร์ธานี,1
52,52,สุพรรณบุรี,สุพรรณบุรี,0
52,52,สระแก้ว,สระแก้ว,1
52,52,สมุทรปราการ,สมุทรปราการ,0
52,52,สงขลา,สงขลา,1
52,52,ลำปาง,ลำปาง,0
52,52,ระยอง,ระยอง,0
52,52,ภูเก็ต,ภูเก็ต,0
52,52,พิษณุโลก,พิษณุโลก,0
52,52,พิจิตร,พิจิตร,0
52,52,ปราจีนบุรี,ปราจีนบุรี,0
52,52,ปทุมธานี,ปทุมธานี,0
52,52,บุรีรัมย์,บุรีรัมย์,1
52,52,นนทบุรี,นนทบุรี,0
52,52,นครสวรรค์,นครสวรรค์,0
52,52,นครศรีธรรมราช,นครศรีธรรมราช,0
52,52,นครราชสีมา,นครราชสีมา,0
52,52,นครพนม,นครพนม,0
52,52,นครปฐม,นครปฐม,0
52,52,นครนายก,นครนายก,0
52,52,ตราด,ตราด,1
52,52,ตรัง,ตรัง,0
52,52,ชุมพร,ชุมพร,0
52,52,ชัยภูมิ,ชัยภูมิ,0
52,52,ชลบุรี,ชลบุรี,0
52,52,ฉะเชิงเทรา,ฉะเชิงเทรา,0
52,52,จันทบุรี,จันทบุรี,0
52,52,ขอนแก่น,ขอนแก่น,0
52,52,กาญจนบุรี,กาญจนบุรี,0
52,52,กรุงเทพมหานคร,กรุงเทพมหานคร,4
51,51,%all%,%all%,32
51,51,เลย,เลย,0
51,51,เพชรบุรี,เพชรบุรี,0
51,51,เชียงใหม่,เชียงใหม่,0
51,51,เชียงราย,เชียงราย,2
51,51,อุบลราชธานี,อุบลราชธานี,1
51,51,อุทัยธานี,อุทัยธานี,0
51,51,อุดรธานี,อุดรธานี,0
51,51,อำนาจเจริญ,อำนาจเจริญ,0
51,51,หนองคาย,หนองคาย,1
51,51,สุรินทร์,สุรินทร์,0
51,51,สุราษฎร์ธานี,สุราษฎร์ธานี,0
51,51,สุพรรณบุรี,สุพรรณบุรี,0
51,51,สิงห์บุรี,สิงห์บุรี,0
51,51,สระแก้ว,สระแก้ว,0
51,51,สมุทรสาคร,สมุทรสาคร,0
51,51,สมุทรปราการ,สมุทรปราการ,5
51,51,สตูล,สตูล,0
51,51,สงขลา,สงขลา,2
51,51,ศรีสะเกษ,ศรีสะเกษ,0
51,51,ลำพูน,ลำพูน,0
51,51,ลำปาง,ลำปาง,0
51,51,ร้อยเอ็ด,ร้อยเอ็ด,0
51,51,ราชบุรี,ราชบุรี,1
51,51,ระยอง,ระยอง,0
51,51,ระนอง,ระนอง,0
51,51,ยโสธร,ยโสธร,0
51,51,ยะลา,ยะลา,0
51,51,มหาสารคาม,มหาสารคาม,0
51,51,ภูเก็ต,ภูเก็ต,2
51,51,พิษณุโลก,พิษณุโลก,0
51,51,พัทลุง,พัทลุง,1
51,51,พังงา,พังงา,0
51,51,พะเยา,พะเยา,1
51,51,พระนครศรีอยุธยา,พระนครศรีอยุธยา,1
51,51,ปัตตานี,ปัตตานี,0
51,51,ปราจีนบุรี,ปราจีนบุรี,1
51,51,ปทุมธานี,ปทุมธานี,1
51,51,บุรีรัมย์,บุรีรัมย์,1
51,51,บึงกาฬ,บึงกาฬ,0
51,51,น่าน,น่าน,0
51,51,นนทบุรี,นนทบุรี,0
51,51,นครสวรรค์,นครสวรรค์,0
51,51,นครศรีธรรมราช,นครศรีธรรมราช,0
51,51,นครราชสีมา,นครราชสีมา,0
51,51,นครปฐม,นครปฐม,0
51,51,นครนายก,นครนายก,0
51,51,ตราด,ตราด,0
51,51,ตรัง,ตรัง,0
51,51,ชุมพร,ชุมพร,0
51,51,ชัยภูมิ,ชัยภูมิ,0
51,51,ชลบุรี,ชลบุรี,3
51,51,ฉะเชิงเทรา,ฉะเชิงเทรา,0
51,51,จันทบุรี,จันทบุรี,1
51,51,ขอนแก่น,ขอนแก่น,0
51,51,กำแพงเพชร,กำแพงเพชร,0
51,51,กาญจนบุรี,กาญจนบุรี,1
51,51,กรุงเทพมหานคร,กรุงเทพมหานคร,7
50,50,%all%,%all%,28
50,50,เลย,เลย,0
50,50,เพชรบูรณ์,เพชรบูรณ์,0
50,50,เชียงใหม่,เชียงใหม่,0
50,50,เชียงราย,เชียงราย,2
50,50,อุบลราชธานี,อุบลราชธานี,1
50,50,อุตรดิตถ์,อุตรดิตถ์,0
50,50,อุดรธานี,อุดรธานี,0
50,50,หนองบัวลำภู,หนองบัวลำภู,0
50,50,หนองคาย,หนองคาย,0
50,50,สุโขทัย,สุโขทัย,0
50,50,สุรินทร์,สุรินทร์,0
50,50,สุราษฎร์ธานี,สุราษฎร์ธานี,0
50,50,สุพรรณบุรี,สุพรรณบุรี,0
50,50,สิงห์บุรี,สิงห์บุรี,0
50,50,สระแก้ว,สระแก้ว,0
50,50,สระบุรี,สระบุรี,0
50,50,สมุทรสาคร,สมุทรสาคร,0
50,50,สมุทรปราการ,สมุทรปราการ,2
50,50,สตูล,สตูล,0
50,50,สงขลา,สงขลา,0
50,50,ศรีสะเกษ,ศรีสะเกษ,0
50,50,ลำปาง,ลำปาง,0
50,50,ลพบุรี,ลพบุรี,0
50,50,ร้อยเอ็ด,ร้อยเอ็ด,0
50,50,ราชบุรี,ราชบุรี,1
50,50,ระยอง,ระยอง,1
50,50,ยโสธร,ยโสธร,0
50,50,มหาสารคาม,มหาสารคาม,1
50,50,ภูเก็ต,ภูเก็ต,1
50,50,พิษณุโลก,พิษณุโลก,0
50,50,พิจิตร,พิจิตร,0
50,50,พัทลุง,พัทลุง,0
50,50,พะเยา,พะเยา,0
50,50,พระนครศรีอยุธยา,พระนครศรีอยุธยา,0
50,50,ปราจีนบุรี,ปราจีนบุรี,0
50,50,ประจวบคีรีขันธ์,ประจวบคีรีขันธ์,1
50,50,ปทุมธานี,ปทุมธานี,0
50,50,บุรีรัมย์,บุรีรัมย์,0
50,50,บึงกาฬ,บึงกาฬ,0
50,50,น่าน,น่าน,0
50,50,นนทบุรี,นนทบุรี,3
50,50,นครสวรรค์,นครสวรรค์,0
50,50,นครศรีธรรมราช,นครศรีธรรมราช,0
50,50,นครราชสีมา,นครราชสีมา,1
50,50,นครพนม,นครพนม,0
50,50,นครปฐม,นครปฐม,0
50,50,นครนายก,นครนายก,0
50,50,ตาก,ตาก,0
50,50,ตราด,ตราด,0
50,50,ชุมพร,ชุมพร,1
50,50,ชัยภูมิ,ชัยภูมิ,1
50,50,ชัยนาท,ชัยนาท,0
50,50,ชลบุรี,ชลบุรี,1
50,50,ฉะเชิงเทรา,ฉะเชิงเทรา,0
50,50,จันทบุรี,จันทบุรี,1
50,50,ขอนแก่น,ขอนแก่น,0
50,50,กำแพงเพชร,กำแพงเพชร,0
50,50,กาฬสินธุ์,กาฬสินธุ์,0
50,50,กาญจนบุรี,กาญจนบุรี,1
50,50,กรุงเทพมหานคร,กรุงเทพมหานคร,9
49,49,%all%,%all%,12
49,49,ไม่ระบุ,ไม่ระบุ,0
49,49,เลย,เลย,0
49,49,เพชรบูรณ์,เพชรบูรณ์,0
49,49,เพชรบุรี,เพชรบุรี,0
49,49,เชียงใหม่,เชียงใหม่,0
49,49,เชียงราย,เชียงราย,0
49,49,อ่างทอง,อ่างทอง,0
49,49,อุบลราชธานี,อุบลราชธานี,1
49,49,อุทัยธานี,อุทัยธานี,0
49,49,อุตรดิตถ์,อุตรดิตถ์,0
49,49,อุดรธานี,อุดรธานี,0
49,49,หนองคาย,หนองคาย,0
49,49,สุโขทัย,สุโขทัย,0
49,49,สุรินทร์,สุรินทร์,1
49,49,สุราษฎร์ธานี,สุราษฎร์ธานี,0
49,49,สุพรรณบุรี,สุพรรณบุรี,1
49,49,สิงห์บุรี,สิงห์บุรี,0
49,49,สระบุรี,สระบุรี,0
49,49,สมุทรสาคร,สมุทรสาคร,0
49,49,สมุทรสงคราม,สมุทรสงคราม,0
49,49,สมุทรปราการ,สมุทรปราการ,0
49,49,สตูล,สตูล,0
49,49,สงขลา,สงขลา,0
49,49,สกลนคร,สกลนคร,0
49,49,ศรีสะเกษ,ศรีสะเกษ,1
49,49,ลำปาง,ลำปาง,0
49,49,ร้อยเอ็ด,ร้อยเอ็ด,0
49,49,ระยอง,ระยอง,0
49,49,ระนอง,ระนอง,0
49,49,ยะลา,ยะลา,0
49,49,มุกดาหาร,มุกดาหาร,0
49,49,มหาสารคาม,มหาสารคาม,0
49,49,ภูเก็ต,ภูเก็ต,0
49,49,พิษณุโลก,พิษณุโลก,0
49,49,พิจิตร,พิจิตร,0
49,49,พัทลุง,พัทลุง,0
49,49,พังงา,พังงา,1
49,49,พะเยา,พะเยา,0
49,49,พระนครศรีอยุธยา,พระนครศรีอยุธยา,0
49,49,ปราจีนบุรี,ปราจีนบุรี,0
49,49,ประจวบคีรีขันธ์,ประจวบคีรีขันธ์,0
49,49,ปทุมธานี,ปทุมธานี,0
49,49,บุรีรัมย์,บุรีรัมย์,1
49,49,บึงกาฬ,บึงกาฬ,0
49,49,น่าน,น่าน,0
49,49,นนทบุรี,นนทบุรี,1
49,49,นครสวรรค์,นครสวรรค์,0
49,49,นครศรีธรรมราช,นครศรีธรรมราช,0
49,49,นครราชสีมา,นครราชสีมา,0
49,49,นครพนม,นครพนม,0
49,49,ตาก,ตาก,1
49,49,ตราด,ตราด,0
49,49,ตรัง,ตรัง,0
49,49,ชุมพร,ชุมพร,0
49,49,ชัยภูมิ,ชัยภูมิ,0
49,49,ชัยนาท,ชัยนาท,0
49,49,ชลบุรี,ชลบุรี,0
49,49,จันทบุรี,จันทบุรี,0
49,49,ขอนแก่น,ขอนแก่น,1
49,49,กำแพงเพชร,กำแพงเพชร,1
49,49,กาฬสินธุ์,กาฬสินธุ์,0
49,49,กรุงเทพมหานคร,กรุงเทพมหานคร,2
49,49,กระบี่,กระบี่,0
48,48,%all%,%all%,27
48,48,แพร่,แพร่,0
48,48,เพชรบูรณ์,เพชรบูรณ์,0
48,48,เชียงใหม่,เชียงใหม่,0
48,48,เชียงราย,เชียงราย,0
48,48,อุบลราชธานี,อุบลราชธานี,1
48,48,อุทัยธานี,อุทัยธานี,0
48,48,อุตรดิตถ์,อุตรดิตถ์,0
48,48,อุดรธานี,อุดรธานี,0
48,48,อำนาจเจริญ,อำนาจเจริญ,0
48,48,หนองบัวลำภู,หนองบัวลำภู,0
48,48,หนองคาย,หนองคาย,0
48,48,สุโขทัย,สุโขทัย,0
48,48,สุรินทร์,สุรินทร์,0
48,48,สุราษฎร์ธานี,สุราษฎร์ธานี,0
48,48,สุพรรณบุรี,สุพรรณบุรี,0
48,48,สระแก้ว,สระแก้ว,0
48,48,สระบุรี,สระบุรี,0
48,48,สมุทรสาคร,สมุทรสาคร,0
48,48,สมุทรสงคราม,สมุทรสงคราม,0
48,48,สมุทรปราการ,สมุทรปราการ,1
48,48,สงขลา,สงขลา,2
48,48,สกลนคร,สกลนคร,0
48,48,ศรีสะเกษ,ศรีสะเกษ,1
48,48,ลำพูน,ลำพูน,0
48,48,ลำปาง,ลำปาง,0
48,48,ร้อยเอ็ด,ร้อยเอ็ด,2
48,48,ราชบุรี,ราชบุรี,1
48,48,ระยอง,ระยอง,0
48,48,ระนอง,ระนอง,0
48,48,ยโสธร,ยโสธร,0
48,48,มุกดาหาร,มุกดาหาร,0
48,48,มหาสารคาม,มหาสารคาม,0
48,48,ภูเก็ต,ภูเก็ต,0
48,48,พิษณุโลก,พิษณุโลก,0
48,48,พิจิตร,พิจิตร,0
48,48,พัทลุง,พัทลุง,0
48,48,พังงา,พังงา,0
48,48,พะเยา,พะเยา,0
48,48,พระนครศรีอยุธยา,พระนครศรีอยุธยา,0
48,48,ปราจีนบุรี,ปราจีนบุรี,1
48,48,ประจวบคีรีขันธ์,ประจวบคีรีขันธ์,0
48,48,ปทุมธานี,ปทุมธานี,0
48,48,บุรีรัมย์,บุรีรัมย์,0
48,48,บึงกาฬ,บึงกาฬ,0
48,48,น่าน,น่าน,0
48,48,นนทบุรี,นนทบุรี,2
48,48,นครสวรรค์,นครสวรรค์,0
48,48,นครศรีธรรมราช,นครศรีธรรมราช,0
48,48,นครราชสีมา,นครราชสีมา,2
48,48,นครพนม,นครพนม,0
48,48,นครปฐม,นครปฐม,0
48,48,ตาก,ตาก,0
48,48,ตราด,ตราด,0
48,48,ตรัง,ตรัง,0
48,48,ชุมพร,ชุมพร,0
48,48,ชัยภูมิ,ชัยภูมิ,4
48,48,ชลบุรี,ชลบุรี,1
48,48,ฉะเชิงเทรา,ฉะเชิงเทรา,0
48,48,จันทบุรี,จันทบุรี,0
48,48,ขอนแก่น,ขอนแก่น,3
48,48,กำแพงเพชร,กำแพงเพชร,1
48,48,กาฬสินธุ์,กาฬสินธุ์,0
48,48,กาญจนบุรี,กาญจนบุรี,0
48,48,กรุงเทพมหานคร,กรุงเทพมหานคร,5
47,47,%all%,%all%,29
47,47,แพร่,แพร่,0
47,47,เลย,เลย,0
47,47,เพชรบูรณ์,เพชรบูรณ์,0
47,47,เชียงใหม่,เชียงใหม่,2
47,47,เชียงราย,เชียงราย,1
47,47,อุบลราชธานี,อุบลราชธานี,0
47,47,อุทัยธานี,อุทัยธานี,0
47,47,อุดรธานี,อุดรธานี,0
47,47,อำนาจเจริญ,อำนาจเจริญ,0
47,47,หนองคาย,หนองคาย,0
47,47,สุโขทัย,สุโขทัย,0
47,47,สุรินทร์,สุรินทร์,0
47,47,สุราษฎร์ธานี,สุราษฎร์ธานี,0
47,47,สุพรรณบุรี,สุพรรณบุรี,0
47,47,สระแก้ว,สระแก้ว,0
47,47,สระบุรี,สระบุรี,0
47,47,สมุทรสาคร,สมุทรสาคร,1
47,47,สมุทรสงคราม,สมุทรสงคราม,0
47,47,สมุทรปราการ,สมุทรปราการ,1
47,47,สงขลา,สงขลา,1
47,47,สกลนคร,สกลนคร,0
47,47,ศรีสะเกษ,ศรีสะเกษ,1
47,47,ลำพูน,ลำพูน,0
47,47,ลำปาง,ลำปาง,0
47,47,ลพบุรี,ลพบุรี,0
47,47,ร้อยเอ็ด,ร้อยเอ็ด,0
47,47,ราชบุรี,ราชบุรี,0
47,47,ระยอง,ระยอง,0
47,47,ยโสธร,ยโสธร,0
47,47,มุกดาหาร,มุกดาหาร,0
47,47,มหาสารคาม,มหาสารคาม,2
47,47,ภูเก็ต,ภูเก็ต,1
47,47,พิษณุโลก,พิษณุโลก,2
47,47,พิจิตร,พิจิตร,0
47,47,พัทลุง,พัทลุง,0
47,47,พังงา,พังงา,0
47,47,พะเยา,พะเยา,0
47,47,พระนครศรีอยุธยา,พระนครศรีอยุธยา,1
47,47,ปัตตานี,ปัตตานี,0
47,47,ปราจีนบุรี,ปราจีนบุรี,0
47,47,ประจวบคีรีขันธ์,ประจวบคีรีขันธ์,0
47,47,ปทุมธานี,ปทุมธานี,0
47,47,บุรีรัมย์,บุรีรัมย์,0
47,47,บึงกาฬ,บึงกาฬ,0
47,47,น่าน,น่าน,1
47,47,นนทบุรี,นนทบุรี,1
47,47,นครสวรรค์,นครสวรรค์,0
47,47,นครศรีธรรมราช,นครศรีธรรมราช,0
47,47,นครราชสีมา,นครราชสีมา,0
47,47,นครปฐม,นครปฐม,0
47,47,นครนายก,นครนายก,0
47,47,ตราด,ตราด,0
47,47,ชุมพร,ชุมพร,0
47,47,ชัยภูมิ,ชัยภูมิ,0
47,47,ชัยนาท,ชัยนาท,0
47,47,ชลบุรี,ชลบุรี,2
47,47,ฉะเชิงเทรา,ฉะเชิงเทรา,0
47,47,จันทบุรี,จันทบุรี,0
47,47,ขอนแก่น,ขอนแก่น,3
47,47,กำแพงเพชร,กำแพงเพชร,1
47,47,กาฬสินธุ์,กาฬสินธุ์,0
47,47,กาญจนบุรี,กาญจนบุรี,0
47,47,กรุงเทพมหานคร,กรุงเทพมหานคร,8
47,47,กระบี่,กระบี่,0
46,46,%all%,%all%,20
46,46,ไม่ระบุ,ไม่ระบุ,0
46,46,แม่ฮ่องสอน,แม่ฮ่องสอน,0
46,46,แพร่,แพร่,0
46,46,เลย,เลย,1
46,46,เพชรบูรณ์,เพชรบูรณ์,1
46,46,เพชรบุรี,เพชรบุรี,0
46,46,เชียงใหม่,เชียงใหม่,1
46,46,เชียงราย,เชียงราย,0
46,46,อุบลราชธานี,อุบลราชธานี,0
46,46,อุทัยธานี,อุทัยธานี,0
46,46,อุตรดิตถ์,อุตรดิตถ์,0
46,46,อุดรธานี,อุดรธานี,0
46,46,อำนาจเจริญ,อำนาจเจริญ,0
46,46,หนองบัวลำภู,หนองบัวลำภู,0
46,46,หนองคาย,หนองคาย,1
46,46,สุโขทัย,สุโขทัย,0
46,46,สุรินทร์,สุรินทร์,0
46,46,สุราษฎร์ธานี,สุราษฎร์ธานี,0
46,46,สุพรรณบุรี,สุพรรณบุรี,0
46,46,สิงห์บุรี,สิงห์บุรี,0
46,46,สระแก้ว,สระแก้ว,0
46,46,สระบุรี,สระบุรี,0
46,46,สมุทรสาคร,สมุทรสาคร,0
46,46,สมุทรปราการ,สมุทรปราการ,0
46,46,สงขลา,สงขลา,0
46,46,ศรีสะเกษ,ศรีสะเกษ,0
46,46,ลพบุรี,ลพบุรี,0
46,46,ร้อยเอ็ด,ร้อยเอ็ด,0
46,46,ราชบุรี,ราชบุรี,0
46,46,ระยอง,ระยอง,0
46,46,ระนอง,ระนอง,0
46,46,มหาสารคาม,มหาสารคาม,0
46,46,ภูเก็ต,ภูเก็ต,0
46,46,พิษณุโลก,พิษณุโลก,0
46,46,พิจิตร,พิจิตร,0
46,46,พัทลุง,พัทลุง,0
46,46,พังงา,พังงา,1
46,46,พะเยา,พะเยา,0
46,46,พระนครศรีอยุธยา,พระนครศรีอยุธยา,0
46,46,ปราจีนบุรี,ปราจีนบุรี,0
46,46,ประจวบคีรีขันธ์,ประจวบคีรีขันธ์,0
46,46,ปทุมธานี,ปทุมธานี,0
46,46,บุรีรัมย์,บุรีรัมย์,0
46,46,บึงกาฬ,บึงกาฬ,0
46,46,น่าน,น่าน,0
46,46,นนทบุรี,นนทบุรี,2
46,46,นครสวรรค์,นครสวรรค์,0
46,46,นครศรีธรรมราช,นครศรีธรรมราช,0
46,46,นครราชสีมา,นครราชสีมา,1
46,46,นครพนม,นครพนม,0
46,46,นครปฐม,นครปฐม,0
46,46,นครนายก,นครนายก,0
46,46,ตาก,ตาก,0
46,46,ตราด,ตราด,0
46,46,ตรัง,ตรัง,0
46,46,ชุมพร,ชุมพร,0
46,46,ชัยภูมิ,ชัยภูมิ,0
46,46,ชลบุรี,ชลบุรี,0
46,46,ฉะเชิงเทรา,ฉะเชิงเทรา,0
46,46,จันทบุรี,จันทบุรี,0
46,46,ขอนแก่น,ขอนแก่น,3
46,46,กำแพงเพชร,กำแพงเพชร,0
46,46,กาฬสินธุ์,กาฬสินธุ์,0
46,46,กาญจนบุรี,กาญจนบุรี,0
46,46,กรุงเทพมหานคร,กรุงเทพมหานคร,9
46,46,กระบี่,กระบี่,0
45,45,%all%,%all%,15
45,45,ไม่ระบุ,ไม่ระบุ,0
45,45,เลย,เลย,0
45,45,เพชรบูรณ์,เพชรบูรณ์,0
45,45,เพชรบุรี,เพชรบุรี,0
45,45,เชียงใหม่,เชียงใหม่,1
45,45,เชียงราย,เชียงราย,1
45,45,อุบลราชธานี,อุบลราชธานี,0
45,45,อุตรดิตถ์,อุตรดิตถ์,0
45,45,อุดรธานี,อุดรธานี,0
45,45,อำนาจเจริญ,อำนาจเจริญ,0
45,45,หนองบัวลำภู,หนองบัวลำภู,0
45,45,หนองคาย,หนองคาย,0
45,45,สุโขทัย,สุโขทัย,0
45,45,สุรินทร์,สุรินทร์,0
45,45,สุราษฎร์ธานี,สุราษฎร์ธานี,0
45,45,สิงห์บุรี,สิงห์บุรี,0
45,45,สระแก้ว,สระแก้ว,0
45,45,สระบุรี,สระบุรี,0
45,45,สมุทรสาคร,สมุทรสาคร,0
45,45,สมุทรสงคราม,สมุทรสงคราม,0
45,45,สมุทรปราการ,สมุทรปราการ,1
45,45,สตูล,สตูล,0
45,45,สงขลา,สงขลา,0
45,45,สกลนคร,สกลนคร,0
45,45,ศรีสะเกษ,ศรีสะเกษ,0
45,45,ลำพูน,ลำพูน,0
45,45,ลำปาง,ลำปาง,0
45,45,ลพบุรี,ลพบุรี,0
45,45,ร้อยเอ็ด,ร้อยเอ็ด,1
45,45,ราชบุรี,ราชบุรี,0
45,45,ระยอง,ระยอง,0
45,45,ระนอง,ระนอง,0
45,45,ยโสธร,ยโสธร,0
45,45,ยะลา,ยะลา,0
45,45,มุกดาหาร,มุกดาหาร,0
45,45,มหาสารคาม,มหาสารคาม,0
45,45,ภูเก็ต,ภูเก็ต,0
45,45,พิษณุโลก,พิษณุโลก,0
45,45,พิจิตร,พิจิตร,0
45,45,พัทลุง,พัทลุง,1
45,45,พังงา,พังงา,0
45,45,พะเยา,พะเยา,0
45,45,พระนครศรีอยุธยา,พระนครศรีอยุธยา,0
45,45,ปัตตานี,ปัตตานี,0
45,45,ปราจีนบุรี,ปราจีนบุรี,0
45,45,ประจวบคีรีขันธ์,ประจวบคีรีขันธ์,0
45,45,ปทุมธานี,ปทุมธานี,0
45,45,บุรีรัมย์,บุรีรัมย์,0
45,45,น่าน,น่าน,0
45,45,นราธิวาส,นราธิวาส,0
45,45,นนทบุรี,นนทบุรี,0
45,45,นครสวรรค์,นครสวรรค์,2
45,45,นครศรีธรรมราช,นครศรีธรรมราช,0
45,45,นครราชสีมา,นครราชสีมา,1
45,45,นครพนม,นครพนม,1
45,45,นครปฐม,นครปฐม,0
45,45,ตาก,ตาก,0
45,45,ตราด,ตราด,0
45,45,ตรัง,ตรัง,1
45,45,ชุมพร,ชุมพร,0
45,45,ชัยภูมิ,ชัยภูมิ,0
45,45,ชลบุรี,ชลบุรี,0
45,45,ฉะเชิงเทรา,ฉะเชิงเทรา,0
45,45,จันทบุรี,จันทบุรี,0
45,45,ขอนแก่น,ขอนแก่น,1
45,45,กำแพงเพชร,กำแพงเพชร,0
45,45,กาฬสินธุ์,กาฬสินธุ์,0
45,45,กาญจนบุรี,กาญจนบุรี,0
45,45,กรุงเทพมหานคร,กรุงเทพมหานคร,4
45,45,กระบี่,กระบี่,0
44,44,%all%,%all%,26
44,44,แม่ฮ่องสอน,แม่ฮ่องสอน,0
44,44,แพร่,แพร่,0
44,44,เลย,เลย,0
44,44,เพชรบูรณ์,เพชรบูรณ์,0
44,44,เพชรบุรี,เพชรบุรี,0
44,44,เชียงใหม่,เชียงใหม่,3
44,44,เชียงราย,เชียงราย,0
44,44,อ่างทอง,อ่างทอง,0
44,44,อุบลราชธานี,อุบลราชธานี,0
44,44,อุทัยธานี,อุทัยธานี,0
44,44,อุตรดิตถ์,อุตรดิตถ์,0
44,44,อุดรธานี,อุดรธานี,0
44,44,อำนาจเจริญ,อำนาจเจริญ,1
44,44,หนองบัวลำภู,หนองบัวลำภู,0
44,44,หนองคาย,หนองคาย,1
44,44,สุโขทัย,สุโขทัย,0
44,44,สุรินทร์,สุรินทร์,0
44,44,สุราษฎร์ธานี,สุราษฎร์ธานี,0
44,44,สุพรรณบุรี,สุพรรณบุรี,0
44,44,สิงห์บุรี,สิงห์บุรี,0
44,44,สระแก้ว,สระแก้ว,1
44,44,สระบุรี,สระบุรี,0
44,44,สมุทรสาคร,สมุทรสาคร,0
44,44,สมุทรสงคราม,สมุทรสงคราม,0
44,44,สมุทรปราการ,สมุทรปราการ,2
44,44,สงขลา,สงขลา,0
44,44,สกลนคร,สกลนคร,0
44,44,ศรีสะเกษ,ศรีสะเกษ,0
44,44,ลำพูน,ลำพูน,0
44,44,ลำปาง,ลำปาง,0
44,44,ลพบุรี,ลพบุรี,0
44,44,ร้อยเอ็ด,ร้อยเอ็ด,0
44,44,ราชบุรี,ราชบุรี,0
44,44,ระยอง,ระยอง,0
44,44,ระนอง,ระนอง,0
44,44,ยโสธร,ยโสธร,0
44,44,มุกดาหาร,มุกดาหาร,2
44,44,มหาสารคาม,มหาสารคาม,0
44,44,ภูเก็ต,ภูเก็ต,0
44,44,พิษณุโลก,พิษณุโลก,0
44,44,พิจิตร,พิจิตร,0
44,44,พัทลุง,พัทลุง,0
44,44,พะเยา,พะเยา,0
44,44,พระนครศรีอยุธยา,พระนครศรีอยุธยา,0
44,44,ปราจีนบุรี,ปราจีนบุรี,1
44,44,ประจวบคีรีขันธ์,ประจวบคีรีขันธ์,1
44,44,ปทุมธานี,ปทุมธานี,0
44,44,บุรีรัมย์,บุรีรัมย์,0
44,44,บึงกาฬ,บึงกาฬ,0
44,44,น่าน,น่าน,0
44,44,นราธิวาส,นราธิวาส,0
44,44,นนทบุรี,นนทบุรี,1
44,44,นครสวรรค์,นครสวรรค์,0
44,44,นครศรีธรรมราช,นครศรีธรรมราช,1
44,44,นครราชสีมา,นครราชสีมา,1
44,44,นครพนม,นครพนม,0
44,44,นครปฐม,นครปฐม,0
44,44,นครนายก,นครนายก,0
44,44,ตาก,ตาก,0
44,44,ตราด,ตราด,0
44,44,ตรัง,ตรัง,0
44,44,ชุมพร,ชุมพร,0
44,44,ชัยภูมิ,ชัยภูมิ,0
44,44,ชัยนาท,ชัยนาท,0
44,44,ชลบุรี,ชลบุรี,0
44,44,ฉะเชิงเทรา,ฉะเชิงเทรา,0
44,44,จันทบุรี,จันทบุรี,1
44,44,ขอนแก่น,ขอนแก่น,2
44,44,กำแพงเพชร,กำแพงเพชร,0
44,44,กาฬสินธุ์,กาฬสินธุ์,1
44,44,กาญจนบุรี,กาญจนบุรี,0
44,44,กรุงเทพมหานคร,กรุงเทพมหานคร,7
43,43,%all%,%all%,24
43,43,ไม่ระบุ,ไม่ระบุ,0
43,43,แพร่,แพร่,0
43,43,เลย,เลย,1
43,43,เพชรบูรณ์,เพชรบูรณ์,0
43,43,เพชรบุรี,เพชรบุรี,0
43,43,เชียงใหม่,เชียงใหม่,1
43,43,เชียงราย,เชียงราย,1
43,43,อุบลราชธานี,อุบลราชธานี,0
43,43,อุทัยธานี,อุทัยธานี,0
43,43,อุตรดิตถ์,อุตรดิตถ์,0
43,43,อุดรธานี,อุดรธานี,0
43,43,อำนาจเจริญ,อำนาจเจริญ,0
43,43,หนองบัวลำภู,หนองบัวลำภู,0
43,43,หนองคาย,หนองคาย,0
43,43,สุรินทร์,สุรินทร์,0
43,43,สุราษฎร์ธานี,สุราษฎร์ธานี,0
43,43,สุพรรณบุรี,สุพรรณบุรี,0
43,43,สิงห์บุรี,สิงห์บุรี,0
43,43,สระแก้ว,สระแก้ว,0
43,43,สระบุรี,สระบุรี,0
43,43,สมุทรสาคร,สมุทรสาคร,0
43,43,สมุทรปราการ,สมุทรปราการ,3
43,43,สตูล,สตูล,0
43,43,สงขลา,สงขลา,0
43,43,สกลนคร,สกลนคร,1
43,43,ศรีสะเกษ,ศรีสะเกษ,0
43,43,ลำปาง,ลำปาง,0
43,43,ลพบุรี,ลพบุรี,0
43,43,ร้อยเอ็ด,ร้อยเอ็ด,0
43,43,ราชบุรี,ราชบุรี,1
43,43,ระยอง,ระยอง,0
43,43,ระนอง,ระนอง,0
43,43,ยโสธร,ยโสธร,0
43,43,ยะลา,ยะลา,0
43,43,มุกดาหาร,มุกดาหาร,1
43,43,มหาสารคาม,มหาสารคาม,1
43,43,ภูเก็ต,ภูเก็ต,1
43,43,พิษณุโลก,พิษณุโลก,0
43,43,พิจิตร,พิจิตร,0
43,43,พัทลุง,พัทลุง,0
43,43,พะเยา,พะเยา,0
43,43,ปัตตานี,ปัตตานี,0
43,43,ปราจีนบุรี,ปราจีนบุรี,1
43,43,ประจวบคีรีขันธ์,ประจวบคีรีขันธ์,0
43,43,ปทุมธานี,ปทุมธานี,0
43,43,บุรีรัมย์,บุรีรัมย์,0
43,43,น่าน,น่าน,0
43,43,นนทบุรี,นนทบุรี,0
43,43,นครสวรรค์,นครสวรรค์,0
43,43,นครศรีธรรมราช,นครศรีธรรมราช,0
43,43,นครราชสีมา,นครราชสีมา,0
43,43,นครพนม,นครพนม,0
43,43,นครปฐม,นครปฐม,0
43,43,นครนายก,นครนายก,0
43,43,ตาก,ตาก,1
43,43,ตราด,ตราด,0
43,43,ตรัง,ตรัง,0
43,43,ชัยภูมิ,ชัยภูมิ,0
43,43,ชลบุรี,ชลบุรี,0
43,43,ฉะเชิงเทรา,ฉะเชิงเทรา,0
43,43,จันทบุรี,จันทบุรี,0
43,43,ขอนแก่น,ขอนแก่น,2
43,43,กำแพงเพชร,กำแพงเพชร,0
43,43,กาฬสินธุ์,กาฬสินธุ์,0
43,43,กาญจนบุรี,กาญจนบุรี,0
43,43,กรุงเทพมหานคร,กรุงเทพมหานคร,9
43,43,กระบี่,กระบี่,0
42,42,%all%,%all%,19
42,42,ไม่ระบุ,ไม่ระบุ,0
42,42,แพร่,แพร่,0
42,42,เลย,เลย,1
42,42,เพชรบูรณ์,เพชรบูรณ์,2
42,42,เพชรบุรี,เพชรบุรี,0
42,42,เชียงใหม่,เชียงใหม่,1
42,42,เชียงราย,เชียงราย,1
42,42,อุบลราชธานี,อุบลราชธานี,0
42,42,อุทัยธานี,อุทัยธานี,0
42,42,อุตรดิตถ์,อุตรดิตถ์,0
42,42,อุดรธานี,อุดรธานี,1
42,42,หนองบัวลำภู,หนองบัวลำภู,0
42,42,หนองคาย,หนองคาย,2
42,42,สุโขทัย,สุโขทัย,0
42,42,สุรินทร์,สุรินทร์,0
42,42,สุราษฎร์ธานี,สุราษฎร์ธานี,0
42,42,สุพรรณบุรี,สุพรรณบุรี,1
42,42,สิงห์บุรี,สิงห์บุรี,0
42,42,สระบุรี,สระบุรี,0
42,42,สมุทรสาคร,สมุทรสาคร,0
42,42,สมุทรสงคราม,สมุทรสงคราม,0
42,42,สมุทรปราการ,สมุทรปราการ,1
42,42,สงขลา,สงขลา,0
42,42,สกลนคร,สกลนคร,0
42,42,ศรีสะเกษ,ศรีสะเกษ,1
42,42,ลำพูน,ลำพูน,0
42,42,ลำปาง,ลำปาง,0
42,42,ลพบุรี,ลพบุรี,0
42,42,ร้อยเอ็ด,ร้อยเอ็ด,0
42,42,ระยอง,ระยอง,0
42,42,ยโสธร,ยโสธร,0
42,42,มหาสารคาม,มหาสารคาม,0
42,42,ภูเก็ต,ภูเก็ต,0
42,42,พิษณุโลก,พิษณุโลก,0
42,42,พิจิตร,พิจิตร,0
42,42,พะเยา,พะเยา,0
42,42,พระนครศรีอยุธยา,พระนครศรีอยุธยา,0
42,42,ปัตตานี,ปัตตานี,0
42,42,ปราจีนบุรี,ปราจีนบุรี,0
42,42,ประจวบคีรีขันธ์,ประจวบคีรีขันธ์,1
42,42,ปทุมธานี,ปทุมธานี,0
42,42,บุรีรัมย์,บุรีรัมย์,0
42,42,บึงกาฬ,บึงกาฬ,0
42,42,น่าน,น่าน,0
42,42,นนทบุรี,นนทบุรี,1
42,42,นครสวรรค์,นครสวรรค์,0
42,42,นครศรีธรรมราช,นครศรีธรรมราช,0
42,42,นครราชสีมา,นครราชสีมา,0
42,42,นครพนม,นครพนม,0
42,42,นครปฐม,นครปฐม,0
42,42,นครนายก,นครนายก,0
42,42,ตาก,ตาก,0
42,42,ตราด,ตราด,0
42,42,ตรัง,ตรัง,0
42,42,ชัยภูมิ,ชัยภูมิ,0
42,42,ชลบุรี,ชลบุรี,0
42,42,ฉะเชิงเทรา,ฉะเชิงเทรา,0
42,42,จันทบุรี,จันทบุรี,0
42,42,ขอนแก่น,ขอนแก่น,3
42,42,กาฬสินธุ์,กาฬสินธุ์,0
42,42,กาญจนบุรี,กาญจนบุรี,0
42,42,กรุงเทพมหานคร,กรุงเทพมหานคร,3
42,42,กระบี่,กระบี่,0
41,41,%all%,%all%,29
41,41,ไม่ระบุ,ไม่ระบุ,0
41,41,แม่ฮ่องสอน,แม่ฮ่องสอน,0
41,41,แพร่,แพร่,0
41,41,เลย,เลย,0
41,41,เพชรบูรณ์,เพชรบูรณ์,0
41,41,เพชรบุรี,เพชรบุรี,0
41,41,เชียงใหม่,เชียงใหม่,2
41,41,เชียงราย,เชียงราย,1
41,41,อุบลราชธานี,อุบลราชธานี,0
41,41,อุตรดิตถ์,อุตรดิตถ์,0
41,41,อุดรธานี,อุดรธานี,0
41,41,อำนาจเจริญ,อำนาจเจริญ,0
41,41,หนองบัวลำภู,หนองบัวลำภู,0
41,41,หนองคาย,หนองคาย,1
41,41,สุโขทัย,สุโขทัย,0
41,41,สุรินทร์,สุรินทร์,0
41,41,สุราษฎร์ธานี,สุราษฎร์ธานี,0
41,41,สุพรรณบุรี,สุพรรณบุรี,0
41,41,สระแก้ว,สระแก้ว,1
41,41,สมุทรสาคร,สมุทรสาคร,0
41,41,สมุทรสงคราม,สมุทรสงคราม,0
41,41,สมุทรปราการ,สมุทรปราการ,1
41,41,สงขลา,สงขลา,1
41,41,ศรีสะเกษ,ศรีสะเกษ,1
41,41,ลำพูน,ลำพูน,0
41,41,ลำปาง,ลำปาง,0
41,41,ลพบุรี,ลพบุรี,0
41,41,ร้อยเอ็ด,ร้อยเอ็ด,1
41,41,ราชบุรี,ราชบุรี,0
41,41,ระยอง,ระยอง,0
41,41,ระนอง,ระนอง,0
41,41,ยโสธร,ยโสธร,1
41,41,มหาสารคาม,มหาสารคาม,1
41,41,ภูเก็ต,ภูเก็ต,1
41,41,พิษณุโลก,พิษณุโลก,0
41,41,พิจิตร,พิจิตร,0
41,41,พังงา,พังงา,0
41,41,ปราจีนบุรี,ปราจีนบุรี,1
41,41,ประจวบคีรีขันธ์,ประจวบคีรีขันธ์,0
41,41,ปทุมธานี,ปทุมธานี,1
41,41,บุรีรัมย์,บุรีรัมย์,1
41,41,บึงกาฬ,บึงกาฬ,0
41,41,น่าน,น่าน,0
41,41,นนทบุรี,นนทบุรี,0
41,41,นครสวรรค์,นครสวรรค์,0
41,41,นครศรีธรรมราช,นครศรีธรรมราช,0
41,41,นครราชสีมา,นครราชสีมา,0
41,41,นครพนม,นครพนม,0
41,41,นครปฐม,นครปฐม,1
41,41,นครนายก,นครนายก,0
41,41,ตาก,ตาก,0
41,41,ตราด,ตราด,0
41,41,ชุมพร,ชุมพร,0
41,41,ชัยภูมิ,ชัยภูมิ,0
41,41,ชัยนาท,ชัยนาท,0
41,41,ชลบุรี,ชลบุรี,1
41,41,ฉะเชิงเทรา,ฉะเชิงเทรา,0
41,41,จันทบุรี,จันทบุรี,1
41,41,ขอนแก่น,ขอนแก่น,2
41,41,กาฬสินธุ์,กาฬสินธุ์,0
41,41,กรุงเทพมหานคร,กรุงเทพมหานคร,9
41,41,กระบี่,กระบี่,0
40,40,%all%,%all%,23
40,40,แพร่,แพร่,0
40,40,เลย,เลย,0
40,40,เพชรบูรณ์,เพชรบูรณ์,2
40,40,เชียงใหม่,เชียงใหม่,0
40,40,เชียงราย,เชียงราย,1
40,40,อ่างทอง,อ่างทอง,0
40,40,อุบลราชธานี,อุบลราชธานี,1
40,40,อุทัยธานี,อุทัยธานี,0
40,40,อุตรดิตถ์,อุตรดิตถ์,0
40,40,อุดรธานี,อุดรธานี,0
40,40,หนองบัวลำภู,หนองบัวลำภู,0
40,40,หนองคาย,หนองคาย,0
40,40,สุรินทร์,สุรินทร์,0
40,40,สุราษฎร์ธานี,สุราษฎร์ธานี,0
40,40,สุพรรณบุรี,สุพรรณบุรี,0
40,40,สิงห์บุรี,สิงห์บุรี,0
40,40,สระแก้ว,สระแก้ว,0
40,40,สระบุรี,สระบุรี,0
40,40,สมุทรสาคร,สมุทรสาคร,0
40,40,สมุทรสงคราม,สมุทรสงคราม,0
40,40,สมุทรปราการ,สมุทรปราการ,1
40,40,สตูล,สตูล,0
40,40,สงขลา,สงขลา,0
40,40,สกลนคร,สกลนคร,0
40,40,ศรีสะเกษ,ศรีสะเกษ,0
40,40,ลำปาง,ลำปาง,0
40,40,ลพบุรี,ลพบุรี,0
40,40,ร้อยเอ็ด,ร้อยเอ็ด,0
40,40,ราชบุรี,ราชบุรี,0
40,40,ระยอง,ระยอง,0
40,40,ระนอง,ระนอง,0
40,40,ยโสธร,ยโสธร,0
40,40,มุกดาหาร,มุกดาหาร,0
40,40,มหาสารคาม,มหาสารคาม,0
40,40,ภูเก็ต,ภูเก็ต,0
40,40,พิษณุโลก,พิษณุโลก,0
40,40,พิจิตร,พิจิตร,0
40,40,พังงา,พังงา,0
40,40,พะเยา,พะเยา,0
40,40,พระนครศรีอยุธยา,พระนครศรีอยุธยา,0
40,40,ปัตตานี,ปัตตานี,0
40,40,ปราจีนบุรี,ปราจีนบุรี,0
40,40,ประจวบคีรีขันธ์,ประจวบคีรีขันธ์,0
40,40,ปทุมธานี,ปทุมธานี,2
40,40,บุรีรัมย์,บุรีรัมย์,0
40,40,บึงกาฬ,บึงกาฬ,0
40,40,น่าน,น่าน,0
40,40,นราธิวาส,นราธิวาส,0
40,40,นนทบุรี,นนทบุรี,2
40,40,นครสวรรค์,นครสวรรค์,0
40,40,นครศรีธรรมราช,นครศรีธรรมราช,0
40,40,นครราชสีมา,นครราชสีมา,2
40,40,นครพนม,นครพนม,0
40,40,นครปฐม,นครปฐม,0
40,40,ตาก,ตาก,0
40,40,ตราด,ตราด,0
40,40,ตรัง,ตรัง,0
40,40,ชุมพร,ชุมพร,0
40,40,ชัยภูมิ,ชัยภูมิ,0
40,40,ชัยนาท,ชัยนาท,0
40,40,ชลบุรี,ชลบุรี,0
40,40,ฉะเชิงเทรา,ฉะเชิงเทรา,0
40,40,จันทบุรี,จันทบุรี,2
40,40,ขอนแก่น,ขอนแก่น,2
40,40,กำแพงเพชร,กำแพงเพชร,2
40,40,กาฬสินธุ์,กาฬสินธุ์,0
40,40,กาญจนบุรี,กาญจนบุรี,1
40,40,กรุงเทพมหานคร,กรุงเทพมหานคร,5
40,40,กระบี่,กระบี่,0
39,39,%all%,%all%,21
39,39,แพร่,แพร่,0
39,39,เลย,เลย,0
39,39,เพชรบูรณ์,เพชรบูรณ์,2
39,39,เพชรบุรี,เพชรบุรี,0
39,39,เชียงใหม่,เชียงใหม่,1
39,39,เชียงราย,เชียงราย,0
39,39,อ่างทอง,อ่างทอง,0
39,39,อุบลราชธานี,อุบลราชธานี,0
39,39,อุตรดิตถ์,อุตรดิตถ์,0
39,39,อุดรธานี,อุดรธานี,0
39,39,อำนาจเจริญ,อำนาจเจริญ,0
39,39,หนองบัวลำภู,หนองบัวลำภู,0
39,39,หนองคาย,หนองคาย,0
39,39,สุรินทร์,สุรินทร์,0
39,39,สุราษฎร์ธานี,สุราษฎร์ธานี,1
39,39,สุพรรณบุรี,สุพรรณบุรี,0
39,39,สระแก้ว,สระแก้ว,0
39,39,สระบุรี,สระบุรี,0
39,39,สมุทรสาคร,สมุทรสาคร,0
39,39,สมุทรสงคราม,สมุทรสงคราม,0
39,39,สมุทรปราการ,สมุทรปราการ,1
39,39,สงขลา,สงขลา,4
39,39,ศรีสะเกษ,ศรีสะเกษ,0
39,39,ลำปาง,ลำปาง,0
39,39,ลพบุรี,ลพบุรี,0
39,39,ร้อยเอ็ด,ร้อยเอ็ด,0
39,39,ราชบุรี,ราชบุรี,0
39,39,ระยอง,ระยอง,0
39,39,ยโสธร,ยโสธร,0
39,39,มหาสารคาม,มหาสารคาม,0
39,39,ภูเก็ต,ภูเก็ต,0
39,39,พิษณุโลก,พิษณุโลก,0
39,39,พิจิตร,พิจิตร,0
39,39,พัทลุง,พัทลุง,1
39,39,พังงา,พังงา,0
39,39,พะเยา,พะเยา,0
39,39,พระนครศรีอยุธยา,พระนครศรีอยุธยา,0
39,39,ปัตตานี,ปัตตานี,0
39,39,ปราจีนบุรี,ปราจีนบุรี,0
39,39,ประจวบคีรีขันธ์,ประจวบคีรีขันธ์,0
39,39,ปทุมธานี,ปทุมธานี,0
39,39,บุรีรัมย์,บุรีรัมย์,0
39,39,บึงกาฬ,บึงกาฬ,0
39,39,น่าน,น่าน,0
39,39,นราธิวาส,นราธิวาส,0
39,39,นนทบุรี,นนทบุรี,0
39,39,นครสวรรค์,นครสวรรค์,0
39,39,นครศรีธรรมราช,นครศรีธรรมราช,0
39,39,นครราชสีมา,นครราชสีมา,0
39,39,นครพนม,นครพนม,0
39,39,นครปฐม,นครปฐม,0
39,39,ตาก,ตาก,0
39,39,ตราด,ตราด,0
39,39,ตรัง,ตรัง,0
39,39,ชุมพร,ชุมพร,0
39,39,ชัยภูมิ,ชัยภูมิ,0
39,39,ชัยนาท,ชัยนาท,0
39,39,ชลบุรี,ชลบุรี,1
39,39,ฉะเชิงเทรา,ฉะเชิงเทรา,0
39,39,จันทบุรี,จันทบุรี,1
39,39,ขอนแก่น,ขอนแก่น,3
39,39,กำแพงเพชร,กำแพงเพชร,0
39,39,กาฬสินธุ์,กาฬสินธุ์,0
39,39,กาญจนบุรี,กาญจนบุรี,1
39,39,กรุงเทพมหานคร,กรุงเทพมหานคร,5
39,39,กระบี่,กระบี่,0
38,38,%all%,%all%,21
38,38,แม่ฮ่องสอน,แม่ฮ่องสอน,0
38,38,แพร่,แพร่,0
38,38,เลย,เลย,1
38,38,เพชรบูรณ์,เพชรบูรณ์,0
38,38,เพชรบุรี,เพชรบุรี,0
38,38,เชียงใหม่,เชียงใหม่,0
38,38,เชียงราย,เชียงราย,0
38,38,อุบลราชธานี,อุบลราชธานี,0
38,38,อุทัยธานี,อุทัยธานี,0
38,38,อุตรดิตถ์,อุตรดิตถ์,0
38,38,อุดรธานี,อุดรธานี,0
38,38,อำนาจเจริญ,อำนาจเจริญ,0
38,38,หนองบัวลำภู,หนองบัวลำภู,0
38,38,หนองคาย,หนองคาย,0
38,38,สุโขทัย,สุโขทัย,0
38,38,สุรินทร์,สุรินทร์,1
38,38,สุราษฎร์ธานี,สุราษฎร์ธานี,0
38,38,สุพรรณบุรี,สุพรรณบุรี,0
38,38,สระแก้ว,สระแก้ว,0
38,38,สระบุรี,สระบุรี,0
38,38,สมุทรสาคร,สมุทรสาคร,0
38,38,สมุทรสงคราม,สมุทรสงคราม,0
38,38,สมุทรปราการ,สมุทรปราการ,1
38,38,สงขลา,สงขลา,1
38,38,สกลนคร,สกลนคร,0
38,38,ศรีสะเกษ,ศรีสะเกษ,0
38,38,ลำปาง,ลำปาง,0
38,38,ลพบุรี,ลพบุรี,0
38,38,ร้อยเอ็ด,ร้อยเอ็ด,0
38,38,ราชบุรี,ราชบุรี,0
38,38,ระยอง,ระยอง,0
38,38,ระนอง,ระนอง,0
38,38,ยโสธร,ยโสธร,0
38,38,ยะลา,ยะลา,0
38,38,มุกดาหาร,มุกดาหาร,0
38,38,มหาสารคาม,มหาสารคาม,0
38,38,ภูเก็ต,ภูเก็ต,1
38,38,พิษณุโลก,พิษณุโลก,0
38,38,พิจิตร,พิจิตร,0
38,38,พัทลุง,พัทลุง,0
38,38,พังงา,พังงา,0
38,38,พะเยา,พะเยา,0
38,38,พระนครศรีอยุธยา,พระนครศรีอยุธยา,0
38,38,ปัตตานี,ปัตตานี,0
38,38,ปราจีนบุรี,ปราจีนบุรี,2
38,38,ประจวบคีรีขันธ์,ประจวบคีรีขันธ์,0
38,38,ปทุมธานี,ปทุมธานี,1
38,38,บุรีรัมย์,บุรีรัมย์,1
38,38,บึงกาฬ,บึงกาฬ,0
38,38,น่าน,น่าน,0
38,38,นนทบุรี,นนทบุรี,0
38,38,นครสวรรค์,นครสวรรค์,0
38,38,นครศรีธรรมราช,นครศรีธรรมราช,0
38,38,นครราชสีมา,นครราชสีมา,1
38,38,นครพนม,นครพนม,0
38,38,นครปฐม,นครปฐม,0
38,38,นครนายก,นครนายก,0
38,38,ตาก,ตาก,0
38,38,ตราด,ตราด,0
38,38,ตรัง,ตรัง,0
38,38,ชุมพร,ชุมพร,0
38,38,ชัยภูมิ,ชัยภูมิ,1
38,38,ชลบุรี,ชลบุรี,0
38,38,ฉะเชิงเทรา,ฉะเชิงเทรา,3
38,38,จันทบุรี,จันทบุรี,1
38,38,ขอนแก่น,ขอนแก่น,3
38,38,กำแพงเพชร,กำแพงเพชร,0
38,38,กาฬสินธุ์,กาฬสินธุ์,0
38,38,กาญจนบุรี,กาญจนบุรี,0
38,38,กรุงเทพมหานคร,กรุงเทพมหานคร,3
38,38,กระบี่,กระบี่,0
37,37,%all%,%all%,23
37,37,แม่ฮ่องสอน,แม่ฮ่องสอน,0
37,37,แพร่,แพร่,0
37,37,เลย,เลย,0
37,37,เพชรบูรณ์,เพชรบูรณ์,0
37,37,เพชรบุรี,เพชรบุรี,0
37,37,เชียงใหม่,เชียงใหม่,1
37,37,เชียงราย,เชียงราย,0
37,37,อ่างทอง,อ่างทอง,0
37,37,อุบลราชธานี,อุบลราชธานี,0
37,37,อุตรดิตถ์,อุตรดิตถ์,1
37,37,อุดรธานี,อุดรธานี,0
37,37,อำนาจเจริญ,อำนาจเจริญ,0
37,37,หนองคาย,หนองคาย,1
37,37,สุโขทัย,สุโขทัย,1
37,37,สุรินทร์,สุรินทร์,0
37,37,สุราษฎร์ธานี,สุราษฎร์ธานี,0
37,37,สุพรรณบุรี,สุพรรณบุรี,1
37,37,สระแก้ว,สระแก้ว,0
37,37,สระบุรี,สระบุรี,0
37,37,สมุทรสาคร,สมุทรสาคร,1
37,37,สมุทรสงคราม,สมุทรสงคราม,0
37,37,สมุทรปราการ,สมุทรปราการ,0
37,37,สตูล,สตูล,0
37,37,สงขลา,สงขลา,2
37,37,สกลนคร,สกลนคร,0
37,37,ศรีสะเกษ,ศรีสะเกษ,0
37,37,ลำพูน,ลำพูน,0
37,37,ลำปาง,ลำปาง,0
37,37,ลพบุรี,ลพบุรี,0
37,37,ร้อยเอ็ด,ร้อยเอ็ด,1
37,37,ราชบุรี,ราชบุรี,2
37,37,ระยอง,ระยอง,0
37,37,ระนอง,ระนอง,0
37,37,ยโสธร,ยโสธร,1
37,37,ยะลา,ยะลา,0
37,37,มุกดาหาร,มุกดาหาร,0
37,37,มหาสารคาม,มหาสารคาม,1
37,37,ภูเก็ต,ภูเก็ต,0
37,37,พิษณุโลก,พิษณุโลก,0
37,37,พะเยา,พะเยา,0
37,37,พระนครศรีอยุธยา,พระนครศรีอยุธยา,0
37,37,ปราจีนบุรี,ปราจีนบุรี,1
37,37,ประจวบคีรีขันธ์,ประจวบคีรีขันธ์,0
37,37,ปทุมธานี,ปทุมธานี,0
37,37,บุรีรัมย์,บุรีรัมย์,0
37,37,บึงกาฬ,บึงกาฬ,0
37,37,น่าน,น่าน,0
37,37,นนทบุรี,นนทบุรี,0
37,37,นครสวรรค์,นครสวรรค์,0
37,37,นครศรีธรรมราช,นครศรีธรรมราช,0
37,37,นครราชสีมา,นครราชสีมา,0
37,37,นครพนม,นครพนม,0
37,37,นครปฐม,นครปฐม,0
37,37,นครนายก,นครนายก,0
37,37,ตาก,ตาก,0
37,37,ตราด,ตราด,0
37,37,ตรัง,ตรัง,0
37,37,ชุมพร,ชุมพร,0
37,37,ชัยภูมิ,ชัยภูมิ,0
37,37,ชัยนาท,ชัยนาท,0
37,37,ชลบุรี,ชลบุรี,0
37,37,ฉะเชิงเทรา,ฉะเชิงเทรา,0
37,37,จันทบุรี,จันทบุรี,2
37,37,ขอนแก่น,ขอนแก่น,0
37,37,กำแพงเพชร,กำแพงเพชร,3
37,37,กาฬสินธุ์,กาฬสินธุ์,0
37,37,กาญจนบุรี,กาญจนบุรี,0
37,37,กรุงเทพมหานคร,กรุงเทพมหานคร,4
37,37,กระบี่,กระบี่,0
36,36,%all%,%all%,27
36,36,ไม่ระบุ,ไม่ระบุ,0
36,36,แม่ฮ่องสอน,แม่ฮ่องสอน,0
36,36,แพร่,แพร่,0
36,36,เพชรบูรณ์,เพชรบูรณ์,1
36,36,เพชรบุรี,เพชรบุรี,0
36,36,เชียงใหม่,เชียงใหม่,0
36,36,เชียงราย,เชียงราย,2
36,36,อ่างทอง,อ่างทอง,0
36,36,อุบลราชธานี,อุบลราชธานี,0
36,36,อุตรดิตถ์,อุตรดิตถ์,0
36,36,อุดรธานี,อุดรธานี,0
36,36,อำนาจเจริญ,อำนาจเจริญ,2
36,36,หนองบัวลำภู,หนองบัวลำภู,0
36,36,หนองคาย,หนองคาย,0
36,36,สุโขทัย,สุโขทัย,0
36,36,สุรินทร์,สุรินทร์,0
36,36,สุราษฎร์ธานี,สุราษฎร์ธานี,0
36,36,สุพรรณบุรี,สุพรรณบุรี,0
36,36,สิงห์บุรี,สิงห์บุรี,0
36,36,สระแก้ว,สระแก้ว,0
36,36,สระบุรี,สระบุรี,0
36,36,สมุทรสาคร,สมุทรสาคร,0
36,36,สมุทรสงคราม,สมุทรสงคราม,0
36,36,สมุทรปราการ,สมุทรปราการ,0
36,36,สงขลา,สงขลา,0
36,36,สกลนคร,สกลนคร,0
36,36,ศรีสะเกษ,ศรีสะเกษ,0
36,36,ลำพูน,ลำพูน,0
36,36,ลำปาง,ลำปาง,1
36,36,ลพบุรี,ลพบุรี,0
36,36,ร้อยเอ็ด,ร้อยเอ็ด,0
36,36,ราชบุรี,ราชบุรี,1
36,36,ระยอง,ระยอง,0
36,36,ยะลา,ยะลา,0
36,36,มหาสารคาม,มหาสารคาม,1
36,36,ภูเก็ต,ภูเก็ต,1
36,36,พิษณุโลก,พิษณุโลก,0
36,36,พิจิตร,พิจิตร,0
36,36,พัทลุง,พัทลุง,0
36,36,พังงา,พังงา,0
36,36,พะเยา,พะเยา,0
36,36,พระนครศรีอยุธยา,พระนครศรีอยุธยา,0
36,36,ปราจีนบุรี,ปราจีนบุรี,1
36,36,ประจวบคีรีขันธ์,ประจวบคีรีขันธ์,0
36,36,ปทุมธานี,ปทุมธานี,2
36,36,บุรีรัมย์,บุรีรัมย์,0
36,36,บึงกาฬ,บึงกาฬ,0
36,36,น่าน,น่าน,0
36,36,นนทบุรี,นนทบุรี,0
36,36,นครสวรรค์,นครสวรรค์,1
36,36,นครศรีธรรมราช,นครศรีธรรมราช,1
36,36,นครราชสีมา,นครราชสีมา,0
36,36,นครปฐม,นครปฐม,0
36,36,ตาก,ตาก,0
36,36,ตราด,ตราด,0
36,36,ชุมพร,ชุมพร,1
36,36,ชัยภูมิ,ชัยภูมิ,0
36,36,ชลบุรี,ชลบุรี,1
36,36,ฉะเชิงเทรา,ฉะเชิงเทรา,0
36,36,จันทบุรี,จันทบุรี,1
36,36,ขอนแก่น,ขอนแก่น,2
36,36,กำแพงเพชร,กำแพงเพชร,2
36,36,กาฬสินธุ์,กาฬสินธุ์,0
36,36,กาญจนบุรี,กาญจนบุรี,2
36,36,กรุงเทพมหานคร,กรุงเทพมหานคร,3
36,36,กระบี่,กระบี่,1
35,35,%all%,%all%,17
35,35,แม่ฮ่องสอน,แม่ฮ่องสอน,0
35,35,เพชรบูรณ์,เพชรบูรณ์,0
35,35,เพชรบุรี,เพชรบุรี,0
35,35,เชียงใหม่,เชียงใหม่,2
35,35,เชียงราย,เชียงราย,0
35,35,อ่างทอง,อ่างทอง,0
35,35,อุบลราชธานี,อุบลราชธานี,0
35,35,อุดรธานี,อุดรธานี,0
35,35,หนองบัวลำภู,หนองบัวลำภู,0
35,35,หนองคาย,หนองคาย,0
35,35,สุโขทัย,สุโขทัย,0
35,35,สุรินทร์,สุรินทร์,0
35,35,สุราษฎร์ธานี,สุราษฎร์ธานี,0
35,35,สุพรรณบุรี,สุพรรณบุรี,0
35,35,สิงห์บุรี,สิงห์บุรี,0
35,35,สระแก้ว,สระแก้ว,0
35,35,สระบุรี,สระบุรี,0
35,35,สมุทรสาคร,สมุทรสาคร,0
35,35,สมุทรสงคราม,สมุทรสงคราม,0
35,35,สมุทรปราการ,สมุทรปราการ,1
35,35,สงขลา,สงขลา,0
35,35,สกลนคร,สกลนคร,0
35,35,ศรีสะเกษ,ศรีสะเกษ,0
35,35,ลำปาง,ลำปาง,0
35,35,ลพบุรี,ลพบุรี,0
35,35,ร้อยเอ็ด,ร้อยเอ็ด,0
35,35,ราชบุรี,ราชบุรี,0
35,35,ระยอง,ระยอง,0
35,35,ยโสธร,ยโสธร,0
35,35,มุกดาหาร,มุกดาหาร,0
35,35,มหาสารคาม,มหาสารคาม,0
35,35,ภูเก็ต,ภูเก็ต,0
35,35,พิษณุโลก,พิษณุโลก,0
35,35,พิจิตร,พิจิตร,1
35,35,พัทลุง,พัทลุง,0
35,35,พังงา,พังงา,0
35,35,พะเยา,พะเยา,0
35,35,ปัตตานี,ปัตตานี,0
35,35,ปราจีนบุรี,ปราจีนบุรี,0
35,35,ประจวบคีรีขันธ์,ประจวบคีรีขันธ์,0
35,35,ปทุมธานี,ปทุมธานี,0
35,35,บุรีรัมย์,บุรีรัมย์,0
35,35,น่าน,น่าน,0
35,35,นนทบุรี,นนทบุรี,0
35,35,นครสวรรค์,นครสวรรค์,3
35,35,นครศรีธรรมราช,นครศรีธรรมราช,0
35,35,นครราชสีมา,นครราชสีมา,2
35,35,นครพนม,นครพนม,0
35,35,นครปฐม,นครปฐม,0
35,35,นครนายก,นครนายก,0
35,35,ตาก,ตาก,0
35,35,ตราด,ตราด,0
35,35,ตรัง,ตรัง,0
35,35,ชุมพร,ชุมพร,2
35,35,ชัยภูมิ,ชัยภูมิ,0
35,35,ชลบุรี,ชลบุรี,0
35,35,ฉะเชิงเทรา,ฉะเชิงเทรา,0
35,35,จันทบุรี,จันทบุรี,0
35,35,ขอนแก่น,ขอนแก่น,1
35,35,กำแพงเพชร,กำแพงเพชร,0
35,35,กาฬสินธุ์,กาฬสินธุ์,0
35,35,กาญจนบุรี,กาญจนบุรี,1
35,35,กรุงเทพมหานคร,กรุงเทพมหานคร,4
35,35,กระบี่,กระบี่,0
34,34,%all%,%all%,25
34,34,ไม่ระบุ,ไม่ระบุ,0
34,34,แพร่,แพร่,0
34,34,เลย,เลย,1
34,34,เพชรบูรณ์,เพชรบูรณ์,1
34,34,เพชรบุรี,เพชรบุรี,0
34,34,เชียงใหม่,เชียงใหม่,2
34,34,เชียงราย,เชียงราย,3
34,34,อ่างทอง,อ่างทอง,0
34,34,อุบลราชธานี,อุบลราชธานี,2
34,34,อุทัยธานี,อุทัยธานี,0
34,34,อุตรดิตถ์,อุตรดิตถ์,0
34,34,อุดรธานี,อุดรธานี,0
34,34,อำนาจเจริญ,อำนาจเจริญ,0
34,34,หนองบัวลำภู,หนองบัวลำภู,0
34,34,หนองคาย,หนองคาย,0
34,34,สุรินทร์,สุรินทร์,1
34,34,สุราษฎร์ธานี,สุราษฎร์ธานี,0
34,34,สุพรรณบุรี,สุพรรณบุรี,0
34,34,สระแก้ว,สระแก้ว,0
34,34,สระบุรี,สระบุรี,0
34,34,สมุทรสาคร,สมุทรสาคร,0
34,34,สมุทรสงคราม,สมุทรสงคราม,0
34,34,สมุทรปราการ,สมุทรปราการ,1
34,34,สตูล,สตูล,0
34,34,สงขลา,สงขลา,1
34,34,สกลนคร,สกลนคร,0
34,34,ศรีสะเกษ,ศรีสะเกษ,1
34,34,ลำพูน,ลำพูน,0
34,34,ลำปาง,ลำปาง,1
34,34,ลพบุรี,ลพบุรี,0
34,34,ร้อยเอ็ด,ร้อยเอ็ด,0
34,34,ราชบุรี,ราชบุรี,0
34,34,ระยอง,ระยอง,0
34,34,ยโสธร,ยโสธร,0
34,34,ยะลา,ยะลา,0
34,34,มหาสารคาม,มหาสารคาม,0
34,34,ภูเก็ต,ภูเก็ต,2
34,34,พิษณุโลก,พิษณุโลก,0
34,34,พิจิตร,พิจิตร,0
34,34,พัทลุง,พัทลุง,0
34,34,พังงา,พังงา,0
34,34,พะเยา,พะเยา,0
34,34,พระนครศรีอยุธยา,พระนครศรีอยุธยา,0
34,34,ปัตตานี,ปัตตานี,0
34,34,ประจวบคีรีขันธ์,ประจวบคีรีขันธ์,0
34,34,ปทุมธานี,ปทุมธานี,0
34,34,บุรีรัมย์,บุรีรัมย์,1
34,34,นนทบุรี,นนทบุรี,0
34,34,นครสวรรค์,นครสวรรค์,0
34,34,นครศรีธรรมราช,นครศรีธรรมราช,1
34,34,นครราชสีมา,นครราชสีมา,0
34,34,นครปฐม,นครปฐม,0
34,34,ตาก,ตาก,0
34,34,ตราด,ตราด,0
34,34,ชัยภูมิ,ชัยภูมิ,0
34,34,ชลบุรี,ชลบุรี,0
34,34,ฉะเชิงเทรา,ฉะเชิงเทรา,1
34,34,จันทบุรี,จันทบุรี,1
34,34,ขอนแก่น,ขอนแก่น,0
34,34,กำแพงเพชร,กำแพงเพชร,0
34,34,กาฬสินธุ์,กาฬสินธุ์,0
34,34,กาญจนบุรี,กาญจนบุรี,0
34,34,กรุงเทพมหานคร,กรุงเทพมหานคร,5
34,34,กระบี่,กระบี่,0
33,33,%all%,%all%,36
33,33,แพร่,แพร่,0
33,33,เลย,เลย,0
33,33,เพชรบูรณ์,เพชรบูรณ์,4
33,33,เพชรบุรี,เพชรบุรี,0
33,33,เชียงใหม่,เชียงใหม่,0
33,33,เชียงราย,เชียงราย,2
33,33,อุบลราชธานี,อุบลราชธานี,0
33,33,อุทัยธานี,อุทัยธานี,0
33,33,อุตรดิตถ์,อุตรดิตถ์,0
33,33,อุดรธานี,อุดรธานี,0
33,33,หนองบัวลำภู,หนองบัวลำภู,0
33,33,หนองคาย,หนองคาย,1
33,33,สุโขทัย,สุโขทัย,0
33,33,สุรินทร์,สุรินทร์,0
33,33,สุราษฎร์ธานี,สุราษฎร์ธานี,0
33,33,สุพรรณบุรี,สุพรรณบุรี,0
33,33,สิงห์บุรี,สิงห์บุรี,0
33,33,สระแก้ว,สระแก้ว,0
33,33,สระบุรี,สระบุรี,0
33,33,สมุทรสาคร,สมุทรสาคร,0
33,33,สมุทรปราการ,สมุทรปราการ,1
33,33,สงขลา,สงขลา,2
33,33,สกลนคร,สกลนคร,0
33,33,ศรีสะเกษ,ศรีสะเกษ,0
33,33,ลำพูน,ลำพูน,0
33,33,ลำปาง,ลำปาง,0
33,33,ลพบุรี,ลพบุรี,0
33,33,ร้อยเอ็ด,ร้อยเอ็ด,0
33,33,ราชบุรี,ราชบุรี,0
33,33,ระยอง,ระยอง,2
33,33,ระนอง,ระนอง,0
33,33,ยโสธร,ยโสธร,0
33,33,ยะลา,ยะลา,0
33,33,มหาสารคาม,มหาสารคาม,0
33,33,ภูเก็ต,ภูเก็ต,0
33,33,พิษณุโลก,พิษณุโลก,2
33,33,พะเยา,พะเยา,0
33,33,พระนครศรีอยุธยา,พระนครศรีอยุธยา,0
33,33,ประจวบคีรีขันธ์,ประจวบคีรีขันธ์,0
33,33,ปทุมธานี,ปทุมธานี,2
33,33,บุรีรัมย์,บุรีรัมย์,0
33,33,บึงกาฬ,บึงกาฬ,0
33,33,น่าน,น่าน,0
33,33,นนทบุรี,นนทบุรี,1
33,33,นครสวรรค์,นครสวรรค์,5
33,33,นครศรีธรรมราช,นครศรีธรรมราช,1
33,33,นครราชสีมา,นครราชสีมา,0
33,33,นครพนม,นครพนม,0
33,33,นครปฐม,นครปฐม,0
33,33,ตาก,ตาก,0
33,33,ตรัง,ตรัง,1
33,33,ชุมพร,ชุมพร,0
33,33,ชัยภูมิ,ชัยภูมิ,0
33,33,ชลบุรี,ชลบุรี,0
33,33,ฉะเชิงเทรา,ฉะเชิงเทรา,0
33,33,จันทบุรี,จันทบุรี,2
33,33,ขอนแก่น,ขอนแก่น,3
33,33,กำแพงเพชร,กำแพงเพชร,1
33,33,กาฬสินธุ์,กาฬสินธุ์,0
33,33,กาญจนบุรี,กาญจนบุรี,0
33,33,กรุงเทพมหานคร,กรุงเทพมหานคร,6
33,33,กระบี่,กระบี่,0
32,32,%all%,%all%,17
32,32,แม่ฮ่องสอน,แม่ฮ่องสอน,0
32,32,แพร่,แพร่,0
32,32,เลย,เลย,0
32,32,เพชรบูรณ์,เพชรบูรณ์,0
32,32,เพชรบุรี,เพชรบุรี,0
32,32,เชียงใหม่,เชียงใหม่,1
32,32,เชียงราย,เชียงราย,0
32,32,อ่างทอง,อ่างทอง,0
32,32,อุบลราชธานี,อุบลราชธานี,1
32,32,อุทัยธานี,อุทัยธานี,0
32,32,อุดรธานี,อุดรธานี,0
32,32,อำนาจเจริญ,อำนาจเจริญ,0
32,32,หนองบัวลำภู,หนองบัวลำภู,0
32,32,หนองคาย,หนองคาย,1
32,32,สุโขทัย,สุโขทัย,0
32,32,สุรินทร์,สุรินทร์,0
32,32,สุราษฎร์ธานี,สุราษฎร์ธานี,1
32,32,สุพรรณบุรี,สุพรรณบุรี,0
32,32,สิงห์บุรี,สิงห์บุรี,0
32,32,สระแก้ว,สระแก้ว,0
32,32,สระบุรี,สระบุรี,0
32,32,สมุทรสาคร,สมุทรสาคร,0
32,32,สมุทรสงคราม,สมุทรสงคราม,0
32,32,สมุทรปราการ,สมุทรปราการ,0
32,32,สตูล,สตูล,0
32,32,สงขลา,สงขลา,2
32,32,สกลนคร,สกลนคร,0
32,32,ศรีสะเกษ,ศรีสะเกษ,0
32,32,ลำพูน,ลำพูน,0
32,32,ลำปาง,ลำปาง,0
32,32,ลพบุรี,ลพบุรี,0
32,32,ร้อยเอ็ด,ร้อยเอ็ด,0
32,32,ราชบุรี,ราชบุรี,0
32,32,ระยอง,ระยอง,0
32,32,ยโสธร,ยโสธร,0
32,32,ยะลา,ยะลา,0
32,32,มุกดาหาร,มุกดาหาร,0
32,32,มหาสารคาม,มหาสารคาม,0
32,32,ภูเก็ต,ภูเก็ต,0
32,32,พิษณุโลก,พิษณุโลก,0
32,32,พิจิตร,พิจิตร,0
32,32,พะเยา,พะเยา,0
32,32,พระนครศรีอยุธยา,พระนครศรีอยุธยา,0
32,32,ปราจีนบุรี,ปราจีนบุรี,0
32,32,ประจวบคีรีขันธ์,ประจวบคีรีขันธ์,0
32,32,ปทุมธานี,ปทุมธานี,1
32,32,บุรีรัมย์,บุรีรัมย์,1
32,32,บึงกาฬ,บึงกาฬ,0
32,32,น่าน,น่าน,1
32,32,นนทบุรี,นนทบุรี,0
32,32,นครสวรรค์,นครสวรรค์,0
32,32,นครศรีธรรมราช,นครศรีธรรมราช,1
32,32,นครราชสีมา,นครราชสีมา,1
32,32,นครพนม,นครพนม,0
32,32,นครปฐม,นครปฐม,0
32,32,ตรัง,ตรัง,0
32,32,ชุมพร,ชุมพร,0
32,32,ชัยภูมิ,ชัยภูมิ,1
32,32,ชัยนาท,ชัยนาท,0
32,32,ชลบุรี,ชลบุรี,0
32,32,ฉะเชิงเทรา,ฉะเชิงเทรา,1
32,32,จันทบุรี,จันทบุรี,2
32,32,ขอนแก่น,ขอนแก่น,1
32,32,กำแพงเพชร,กำแพงเพชร,0
32,32,กาฬสินธุ์,กาฬสินธุ์,0
32,32,กาญจนบุรี,กาญจนบุรี,0
32,32,กรุงเทพมหานคร,กรุงเทพมหานคร,1
32,32,กระบี่,กระบี่,0
31,31,%all%,%all%,17
31,31,แพร่,แพร่,0
31,31,เพชรบูรณ์,เพชรบูรณ์,0
31,31,เพชรบุรี,เพชรบุรี,0
31,31,เชียงใหม่,เชียงใหม่,0
31,31,เชียงราย,เชียงราย,0
31,31,อ่างทอง,อ่างทอง,0
31,31,อุบลราชธานี,อุบลราชธานี,0
31,31,อุทัยธานี,อุทัยธานี,0
31,31,อุตรดิตถ์,อุตรดิตถ์,0
31,31,อุดรธานี,อุดรธานี,0
31,31,หนองคาย,หนองคาย,0
31,31,สุโขทัย,สุโขทัย,0
31,31,สุรินทร์,สุรินทร์,0
31,31,สุราษฎร์ธานี,สุราษฎร์ธานี,0
31,31,สุพรรณบุรี,สุพรรณบุรี,0
31,31,สิงห์บุรี,สิงห์บุรี,0
31,31,สระแก้ว,สระแก้ว,0
31,31,สระบุรี,สระบุรี,0
31,31,สมุทรสาคร,สมุทรสาคร,0
31,31,สมุทรปราการ,สมุทรปราการ,0
31,31,สตูล,สตูล,0
31,31,สงขลา,สงขลา,1
31,31,สกลนคร,สกลนคร,0
31,31,ศรีสะเกษ,ศรีสะเกษ,1
31,31,ลำพูน,ลำพูน,0
31,31,ลำปาง,ลำปาง,0
31,31,ลพบุรี,ลพบุรี,0
31,31,ร้อยเอ็ด,ร้อยเอ็ด,1
31,31,ราชบุรี,ราชบุรี,0
31,31,ระยอง,ระยอง,0
31,31,ระนอง,ระนอง,0
31,31,ยโสธร,ยโสธร,0
31,31,ยะลา,ยะลา,0
31,31,มุกดาหาร,มุกดาหาร,0
31,31,มหาสารคาม,มหาสารคาม,0
31,31,ภูเก็ต,ภูเก็ต,0
31,31,พิษณุโลก,พิษณุโลก,0
31,31,พัทลุง,พัทลุง,1
31,31,พะเยา,พะเยา,0
31,31,พระนครศรีอยุธยา,พระนครศรีอยุธยา,0
31,31,ปัตตานี,ปัตตานี,0
31,31,ปราจีนบุรี,ปราจีนบุรี,1
31,31,ประจวบคีรีขันธ์,ประจวบคีรีขันธ์,0
31,31,ปทุมธานี,ปทุมธานี,0
31,31,บุรีรัมย์,บุรีรัมย์,0
31,31,บึงกาฬ,บึงกาฬ,0
31,31,น่าน,น่าน,0
31,31,นราธิวาส,นราธิวาส,0
31,31,นนทบุรี,นนทบุรี,0
31,31,นครสวรรค์,นครสวรรค์,1
31,31,นครศรีธรรมราช,นครศรีธรรมราช,1
31,31,นครราชสีมา,นครราชสีมา,0
31,31,นครพนม,นครพนม,0
31,31,นครปฐม,นครปฐม,0
31,31,นครนายก,นครนายก,0
31,31,ตราด,ตราด,1
31,31,ตรัง,ตรัง,0
31,31,ชุมพร,ชุมพร,0
31,31,ชัยภูมิ,ชัยภูมิ,0
31,31,ชลบุรี,ชลบุรี,0
31,31,ฉะเชิงเทรา,ฉะเชิงเทรา,0
31,31,จันทบุรี,จันทบุรี,1
31,31,ขอนแก่น,ขอนแก่น,3
31,31,กำแพงเพชร,กำแพงเพชร,1
31,31,กาฬสินธุ์,กาฬสินธุ์,0
31,31,กาญจนบุรี,กาญจนบุรี,1
31,31,กรุงเทพมหานคร,กรุงเทพมหานคร,3
31,31,กระบี่,กระบี่,0
30,30,%all%,%all%,18
30,30,แม่ฮ่องสอน,แม่ฮ่องสอน,0
30,30,เพชรบูรณ์,เพชรบูรณ์,1
30,30,เพชรบุรี,เพชรบุรี,0
30,30,เชียงใหม่,เชียงใหม่,1
30,30,เชียงราย,เชียงราย,0
30,30,อ่างทอง,อ่างทอง,0
30,30,อุบลราชธานี,อุบลราชธานี,0
30,30,อุตรดิตถ์,อุตรดิตถ์,0
30,30,อุดรธานี,อุดรธานี,0
30,30,อำนาจเจริญ,อำนาจเจริญ,0
30,30,หนองคาย,หนองคาย,0
30,30,สุโขทัย,สุโขทัย,0
30,30,สุรินทร์,สุรินทร์,0
30,30,สุราษฎร์ธานี,สุราษฎร์ธานี,2
30,30,สุพรรณบุรี,สุพรรณบุรี,0
30,30,สระแก้ว,สระแก้ว,0
30,30,สระบุรี,สระบุรี,0
30,30,สมุทรสาคร,สมุทรสาคร,0
30,30,สมุทรปราการ,สมุทรปราการ,1
30,30,สตูล,สตูล,0
30,30,สงขลา,สงขลา,1
30,30,สกลนคร,สกลนคร,0
30,30,ศรีสะเกษ,ศรีสะเกษ,0
30,30,ลำพูน,ลำพูน,0
30,30,ลำปาง,ลำปาง,0
30,30,ลพบุรี,ลพบุรี,0
30,30,ร้อยเอ็ด,ร้อยเอ็ด,0
30,30,ราชบุรี,ราชบุรี,0
30,30,ระยอง,ระยอง,1
30,30,ระนอง,ระนอง,0
30,30,ยะลา,ยะลา,0
30,30,มุกดาหาร,มุกดาหาร,0
30,30,มหาสารคาม,มหาสารคาม,0
30,30,ภูเก็ต,ภูเก็ต,0
30,30,พิษณุโลก,พิษณุโลก,0
30,30,พิจิตร,พิจิตร,1
30,30,พัทลุง,พัทลุง,0
30,30,พังงา,พังงา,0
30,30,พระนครศรีอยุธยา,พระนครศรีอยุธยา,0
30,30,ปราจีนบุรี,ปราจีนบุรี,0
30,30,ประจวบคีรีขันธ์,ประจวบคีรีขันธ์,0
30,30,ปทุมธานี,ปทุมธานี,1
30,30,บุรีรัมย์,บุรีรัมย์,1
30,30,น่าน,น่าน,0
30,30,นนทบุรี,นนทบุรี,0
30,30,นครสวรรค์,นครสวรรค์,0
30,30,นครศรีธรรมราช,นครศรีธรรมราช,0
30,30,นครราชสีมา,นครราชสีมา,0
30,30,นครพนม,นครพนม,0
30,30,นครปฐม,นครปฐม,0
30,30,ตาก,ตาก,0
30,30,ตราด,ตราด,0
30,30,ตรัง,ตรัง,0
30,30,ชุมพร,ชุมพร,0
30,30,ชัยภูมิ,ชัยภูมิ,0
30,30,ชัยนาท,ชัยนาท,0
30,30,ชลบุรี,ชลบุรี,1
30,30,ฉะเชิงเทรา,ฉะเชิงเทรา,0
30,30,จันทบุรี,จันทบุรี,1
30,30,ขอนแก่น,ขอนแก่น,2
30,30,กำแพงเพชร,กำแพงเพชร,0
30,30,กาฬสินธุ์,กาฬสินธุ์,0
30,30,กาญจนบุรี,กาญจนบุรี,1
30,30,กรุงเทพมหานคร,กรุงเทพมหานคร,3
30,30,กระบี่,กระบี่,0
29,29,%all%,%all%,29
29,29,แพร่,แพร่,0
29,29,เลย,เลย,0
29,29,เพชรบูรณ์,เพชรบูรณ์,1
29,29,เชียงใหม่,เชียงใหม่,2
29,29,เชียงราย,เชียงราย,0
29,29,อ่างทอง,อ่างทอง,0
29,29,อุบลราชธานี,อุบลราชธานี,1
29,29,อุทัยธานี,อุทัยธานี,0
29,29,อุตรดิตถ์,อุตรดิตถ์,0
29,29,อุดรธานี,อุดรธานี,0
29,29,อำนาจเจริญ,อำนาจเจริญ,0
29,29,หนองคาย,หนองคาย,0
29,29,สุโขทัย,สุโขทัย,0
29,29,สุรินทร์,สุรินทร์,0
29,29,สุราษฎร์ธานี,สุราษฎร์ธานี,2
29,29,สุพรรณบุรี,สุพรรณบุรี,0
29,29,สระแก้ว,สระแก้ว,0
29,29,สระบุรี,สระบุรี,0
29,29,สมุทรสาคร,สมุทรสาคร,0
29,29,สมุทรปราการ,สมุทรปราการ,1
29,29,สงขลา,สงขลา,1
29,29,สกลนคร,สกลนคร,0
29,29,ศรีสะเกษ,ศรีสะเกษ,1
29,29,ลำพูน,ลำพูน,1
29,29,ลำปาง,ลำปาง,0
29,29,ลพบุรี,ลพบุรี,0
29,29,ร้อยเอ็ด,ร้อยเอ็ด,1
29,29,ราชบุรี,ราชบุรี,0
29,29,ระยอง,ระยอง,0
29,29,ระนอง,ระนอง,0
29,29,ยะลา,ยะลา,0
29,29,มุกดาหาร,มุกดาหาร,0
29,29,มหาสารคาม,มหาสารคาม,0
29,29,ภูเก็ต,ภูเก็ต,1
29,29,พิษณุโลก,พิษณุโลก,1
29,29,พัทลุง,พัทลุง,0
29,29,พังงา,พังงา,0
29,29,พะเยา,พะเยา,0
29,29,พระนครศรีอยุธยา,พระนครศรีอยุธยา,0
29,29,ประจวบคีรีขันธ์,ประจวบคีรีขันธ์,0
29,29,ปทุมธานี,ปทุมธานี,0
29,29,บุรีรัมย์,บุรีรัมย์,0
29,29,น่าน,น่าน,1
29,29,นนทบุรี,นนทบุรี,1
29,29,นครสวรรค์,นครสวรรค์,0
29,29,นครศรีธรรมราช,นครศรีธรรมราช,1
29,29,นครราชสีมา,นครราชสีมา,0
29,29,นครพนม,นครพนม,0
29,29,นครปฐม,นครปฐม,0
29,29,ตาก,ตาก,0
29,29,ตราด,ตราด,1
29,29,ตรัง,ตรัง,0
29,29,ชุมพร,ชุมพร,1
29,29,ชัยภูมิ,ชัยภูมิ,0
29,29,ชัยนาท,ชัยนาท,0
29,29,ชลบุรี,ชลบุรี,2
29,29,ฉะเชิงเทรา,ฉะเชิงเทรา,0
29,29,จันทบุรี,จันทบุรี,0
29,29,ขอนแก่น,ขอนแก่น,2
29,29,กำแพงเพชร,กำแพงเพชร,0
29,29,กาฬสินธุ์,กาฬสินธุ์,0
29,29,กาญจนบุรี,กาญจนบุรี,2
29,29,กรุงเทพมหานคร,กรุงเทพมหานคร,5
29,29,กระบี่,กระบี่,0
28,28,%all%,%all%,27
28,28,แม่ฮ่องสอน,แม่ฮ่องสอน,0
28,28,แพร่,แพร่,0
28,28,เลย,เลย,0
28,28,เพชรบูรณ์,เพชรบูรณ์,0
28,28,เพชรบุรี,เพชรบุรี,0
28,28,เชียงใหม่,เชียงใหม่,2
28,28,เชียงราย,เชียงราย,2
28,28,อ่างทอง,อ่างทอง,0
28,28,อุบลราชธานี,อุบลราชธานี,1
28,28,อุตรดิตถ์,อุตรดิตถ์,0
28,28,อุดรธานี,อุดรธานี,0
28,28,อำนาจเจริญ,อำนาจเจริญ,0
28,28,หนองบัวลำภู,หนองบัวลำภู,0
28,28,หนองคาย,หนองคาย,1
28,28,สุโขทัย,สุโขทัย,0
28,28,สุรินทร์,สุรินทร์,0
28,28,สุราษฎร์ธานี,สุราษฎร์ธานี,0
28,28,สุพรรณบุรี,สุพรรณบุรี,0
28,28,สิงห์บุรี,สิงห์บุรี,2
28,28,สระแก้ว,สระแก้ว,0
28,28,สระบุรี,สระบุรี,0
28,28,สมุทรสาคร,สมุทรสาคร,0
28,28,สมุทรสงคราม,สมุทรสงคราม,0
28,28,สมุทรปราการ,สมุทรปราการ,0
28,28,สงขลา,สงขลา,1
28,28,สกลนคร,สกลนคร,1
28,28,ศรีสะเกษ,ศรีสะเกษ,1
28,28,ลำพูน,ลำพูน,0
28,28,ลำปาง,ลำปาง,1
28,28,ลพบุรี,ลพบุรี,0
28,28,ร้อยเอ็ด,ร้อยเอ็ด,1
28,28,ราชบุรี,ราชบุรี,0
28,28,ระยอง,ระยอง,0
28,28,ระนอง,ระนอง,0
28,28,ยโสธร,ยโสธร,0
28,28,มหาสารคาม,มหาสารคาม,0
28,28,ภูเก็ต,ภูเก็ต,0
28,28,พิษณุโลก,พิษณุโลก,1
28,28,พัทลุง,พัทลุง,0
28,28,พะเยา,พะเยา,0
28,28,พระนครศรีอยุธยา,พระนครศรีอยุธยา,0
28,28,ปราจีนบุรี,ปราจีนบุรี,0
28,28,ประจวบคีรีขันธ์,ประจวบคีรีขันธ์,0
28,28,ปทุมธานี,ปทุมธานี,0
28,28,บุรีรัมย์,บุรีรัมย์,0
28,28,บึงกาฬ,บึงกาฬ,0
28,28,น่าน,น่าน,0
28,28,นนทบุรี,นนทบุรี,0
28,28,นครสวรรค์,นครสวรรค์,1
28,28,นครศรีธรรมราช,นครศรีธรรมราช,1
28,28,นครราชสีมา,นครราชสีมา,1
28,28,นครปฐม,นครปฐม,0
28,28,ตาก,ตาก,0
28,28,ตราด,ตราด,0
28,28,ตรัง,ตรัง,0
28,28,ชุมพร,ชุมพร,0
28,28,ชัยภูมิ,ชัยภูมิ,0
28,28,ชลบุรี,ชลบุรี,0
28,28,ฉะเชิงเทรา,ฉะเชิงเทรา,0
28,28,จันทบุรี,จันทบุรี,2
28,28,ขอนแก่น,ขอนแก่น,2
28,28,กำแพงเพชร,กำแพงเพชร,0
28,28,กาฬสินธุ์,กาฬสินธุ์,0
28,28,กาญจนบุรี,กาญจนบุรี,0
28,28,กรุงเทพมหานคร,กรุงเทพมหานคร,6
28,28,กระบี่,กระบี่,0
27,27,%all%,%all%,21
27,27,แม่ฮ่องสอน,แม่ฮ่องสอน,0
27,27,แพร่,แพร่,0
27,27,เลย,เลย,0
27,27,เพชรบูรณ์,เพชรบูรณ์,0
27,27,เพชรบุรี,เพชรบุรี,0
27,27,เชียงใหม่,เชียงใหม่,1
27,27,เชียงราย,เชียงราย,1
27,27,อ่างทอง,อ่างทอง,0
27,27,อุบลราชธานี,อุบลราชธานี,0
27,27,อุทัยธานี,อุทัยธานี,0
27,27,อุตรดิตถ์,อุตรดิตถ์,0
27,27,อุดรธานี,อุดรธานี,0
27,27,หนองคาย,หนองคาย,0
27,27,สุโขทัย,สุโขทัย,0
27,27,สุรินทร์,สุรินทร์,0
27,27,สุราษฎร์ธานี,สุราษฎร์ธานี,0
27,27,สุพรรณบุรี,สุพรรณบุรี,0
27,27,สิงห์บุรี,สิงห์บุรี,0
27,27,สระแก้ว,สระแก้ว,0
27,27,สระบุรี,สระบุรี,0
27,27,สมุทรปราการ,สมุทรปราการ,0
27,27,สตูล,สตูล,0
27,27,สงขลา,สงขลา,2
27,27,สกลนคร,สกลนคร,0
27,27,ศรีสะเกษ,ศรีสะเกษ,0
27,27,ลำปาง,ลำปาง,0
27,27,ลพบุรี,ลพบุรี,0
27,27,ร้อยเอ็ด,ร้อยเอ็ด,1
27,27,ราชบุรี,ราชบุรี,0
27,27,ระยอง,ระยอง,0
27,27,ระนอง,ระนอง,0
27,27,ยโสธร,ยโสธร,0
27,27,มุกดาหาร,มุกดาหาร,0
27,27,มหาสารคาม,มหาสารคาม,0
27,27,ภูเก็ต,ภูเก็ต,1
27,27,พิษณุโลก,พิษณุโลก,0
27,27,พัทลุง,พัทลุง,0
27,27,พะเยา,พะเยา,0
27,27,พระนครศรีอยุธยา,พระนครศรีอยุธยา,0
27,27,ปัตตานี,ปัตตานี,0
27,27,ปราจีนบุรี,ปราจีนบุรี,0
27,27,ประจวบคีรีขันธ์,ประจวบคีรีขันธ์,0
27,27,ปทุมธานี,ปทุมธานี,0
27,27,บุรีรัมย์,บุรีรัมย์,0
27,27,บึงกาฬ,บึงกาฬ,0
27,27,น่าน,น่าน,0
27,27,นนทบุรี,นนทบุรี,0
27,27,นครสวรรค์,นครสวรรค์,1
27,27,นครศรีธรรมราช,นครศรีธรรมราช,1
27,27,นครราชสีมา,นครราชสีมา,1
27,27,นครพนม,นครพนม,0
27,27,นครปฐม,นครปฐม,0
27,27,นครนายก,นครนายก,1
27,27,ตาก,ตาก,0
27,27,ตราด,ตราด,0
27,27,ตรัง,ตรัง,0
27,27,ชุมพร,ชุมพร,0
27,27,ชัยภูมิ,ชัยภูมิ,0
27,27,ชัยนาท,ชัยนาท,0
27,27,ชลบุรี,ชลบุรี,0
27,27,ฉะเชิงเทรา,ฉะเชิงเทรา,1
27,27,จันทบุรี,จันทบุรี,1
27,27,ขอนแก่น,ขอนแก่น,1
27,27,กำแพงเพชร,กำแพงเพชร,0
27,27,กาฬสินธุ์,กาฬสินธุ์,0
27,27,กาญจนบุรี,กาญจนบุรี,2
27,27,กรุงเทพมหานคร,กรุงเทพมหานคร,6
27,27,กระบี่,กระบี่,0
26,26,%all%,%all%,22
26,26,ไม่ระบุ,ไม่ระบุ,0
26,26,แม่ฮ่องสอน,แม่ฮ่องสอน,0
26,26,เลย,เลย,0
26,26,เพชรบูรณ์,เพชรบูรณ์,1
26,26,เพชรบุรี,เพชรบุรี,0
26,26,เชียงใหม่,เชียงใหม่,1
26,26,เชียงราย,เชียงราย,0
26,26,อ่างทอง,อ่างทอง,0
26,26,อุบลราชธานี,อุบลราชธานี,0
26,26,อุทัยธานี,อุทัยธานี,0
26,26,อุตรดิตถ์,อุตรดิตถ์,0
26,26,อุดรธานี,อุดรธานี,0
26,26,อำนาจเจริญ,อำนาจเจริญ,0
26,26,หนองบัวลำภู,หนองบัวลำภู,0
26,26,หนองคาย,หนองคาย,1
26,26,สุโขทัย,สุโขทัย,0
26,26,สุรินทร์,สุรินทร์,0
26,26,สุราษฎร์ธานี,สุราษฎร์ธานี,0
26,26,สุพรรณบุรี,สุพรรณบุรี,0
26,26,สิงห์บุรี,สิงห์บุรี,1
26,26,สระแก้ว,สระแก้ว,0
26,26,สระบุรี,สระบุรี,0
26,26,สมุทรสาคร,สมุทรสาคร,0
26,26,สมุทรปราการ,สมุทรปราการ,0
26,26,สงขลา,สงขลา,3
26,26,สกลนคร,สกลนคร,0
26,26,ศรีสะเกษ,ศรีสะเกษ,0
26,26,ลำพูน,ลำพูน,0
26,26,ลำปาง,ลำปาง,0
26,26,ลพบุรี,ลพบุรี,0
26,26,ร้อยเอ็ด,ร้อยเอ็ด,1
26,26,ราชบุรี,ราชบุรี,1
26,26,ระยอง,ระยอง,0
26,26,ระนอง,ระนอง,0
26,26,ยโสธร,ยโสธร,0
26,26,มหาสารคาม,มหาสารคาม,0
26,26,ภูเก็ต,ภูเก็ต,0
26,26,พิษณุโลก,พิษณุโลก,2
26,26,พิจิตร,พิจิตร,0
26,26,พัทลุง,พัทลุง,0
26,26,พังงา,พังงา,0
26,26,พะเยา,พะเยา,0
26,26,พระนครศรีอยุธยา,พระนครศรีอยุธยา,0
26,26,ปราจีนบุรี,ปราจีนบุรี,0
26,26,ประจวบคีรีขันธ์,ประจวบคีรีขันธ์,1
26,26,ปทุมธานี,ปทุมธานี,1
26,26,บุรีรัมย์,บุรีรัมย์,0
26,26,บึงกาฬ,บึงกาฬ,0
26,26,น่าน,น่าน,0
26,26,นนทบุรี,นนทบุรี,1
26,26,นครสวรรค์,นครสวรรค์,0
26,26,นครศรีธรรมราช,นครศรีธรรมราช,0
26,26,นครราชสีมา,นครราชสีมา,1
26,26,นครพนม,นครพนม,0
26,26,นครปฐม,นครปฐม,0
26,26,นครนายก,นครนายก,0
26,26,ตาก,ตาก,0
26,26,ตราด,ตราด,0
26,26,ชุมพร,ชุมพร,1
26,26,ชัยภูมิ,ชัยภูมิ,0
26,26,ชัยนาท,ชัยนาท,0
26,26,ชลบุรี,ชลบุรี,0
26,26,ฉะเชิงเทรา,ฉะเชิงเทรา,0
26,26,จันทบุรี,จันทบุรี,0
26,26,ขอนแก่น,ขอนแก่น,2
26,26,กำแพงเพชร,กำแพงเพชร,0
26,26,กาฬสินธุ์,กาฬสินธุ์,0
26,26,กาญจนบุรี,กาญจนบุรี,0
26,26,กรุงเทพมหานคร,กรุงเทพมหานคร,4
26,26,กระบี่,กระบี่,0
25,25,%all%,%all%,31
25,25,แม่ฮ่องสอน,แม่ฮ่องสอน,0
25,25,แพร่,แพร่,0
25,25,เลย,เลย,0
25,25,เพชรบูรณ์,เพชรบูรณ์,0
25,25,เพชรบุรี,เพชรบุรี,1
25,25,เชียงใหม่,เชียงใหม่,1
25,25,เชียงราย,เชียงราย,2
25,25,อุบลราชธานี,อุบลราชธานี,1
25,25,อุตรดิตถ์,อุตรดิตถ์,0
25,25,อุดรธานี,อุดรธานี,0
25,25,หนองคาย,หนองคาย,0
25,25,สุโขทัย,สุโขทัย,0
25,25,สุรินทร์,สุรินทร์,0
25,25,สุราษฎร์ธานี,สุราษฎร์ธานี,0
25,25,สุพรรณบุรี,สุพรรณบุรี,2
25,25,สระแก้ว,สระแก้ว,0
25,25,สระบุรี,สระบุรี,0
25,25,สมุทรสาคร,สมุทรสาคร,0
25,25,สมุทรปราการ,สมุทรปราการ,3
25,25,สงขลา,สงขลา,1
25,25,สกลนคร,สกลนคร,0
25,25,ศรีสะเกษ,ศรีสะเกษ,0
25,25,ลำปาง,ลำปาง,0
25,25,ลพบุรี,ลพบุรี,0
25,25,ร้อยเอ็ด,ร้อยเอ็ด,1
25,25,ราชบุรี,ราชบุรี,0
25,25,ระยอง,ระยอง,0
25,25,ระนอง,ระนอง,1
25,25,ยโสธร,ยโสธร,0
25,25,ยะลา,ยะลา,0
25,25,มุกดาหาร,มุกดาหาร,0
25,25,ภูเก็ต,ภูเก็ต,2
25,25,พิษณุโลก,พิษณุโลก,1
25,25,พัทลุง,พัทลุง,0
25,25,พังงา,พังงา,0
25,25,พะเยา,พะเยา,1
25,25,พระนครศรีอยุธยา,พระนครศรีอยุธยา,0
25,25,ปัตตานี,ปัตตานี,0
25,25,ปราจีนบุรี,ปราจีนบุรี,0
25,25,ประจวบคีรีขันธ์,ประจวบคีรีขันธ์,0
25,25,ปทุมธานี,ปทุมธานี,0
25,25,บุรีรัมย์,บุรีรัมย์,0
25,25,น่าน,น่าน,0
25,25,นนทบุรี,นนทบุรี,0
25,25,นครสวรรค์,นครสวรรค์,0
25,25,นครศรีธรรมราช,นครศรีธรรมราช,0
25,25,นครราชสีมา,นครราชสีมา,0
25,25,นครพนม,นครพนม,0
25,25,นครปฐม,นครปฐม,0
25,25,ตาก,ตาก,0
25,25,ตราด,ตราด,0
25,25,ชุมพร,ชุมพร,0
25,25,ชัยภูมิ,ชัยภูมิ,0
25,25,ชัยนาท,ชัยนาท,0
25,25,ชลบุรี,ชลบุรี,1
25,25,ฉะเชิงเทรา,ฉะเชิงเทรา,1
25,25,จันทบุรี,จันทบุรี,0
25,25,ขอนแก่น,ขอนแก่น,2
25,25,กำแพงเพชร,กำแพงเพชร,0
25,25,กาฬสินธุ์,กาฬสินธุ์,0
25,25,กาญจนบุรี,กาญจนบุรี,0
25,25,กรุงเทพมหานคร,กรุงเทพมหานคร,10
25,25,กระบี่,กระบี่,0
24,24,%all%,%all%,31
24,24,ไม่ระบุ,ไม่ระบุ,0
24,24,แพร่,แพร่,0
24,24,เลย,เลย,0
24,24,เพชรบูรณ์,เพชรบูรณ์,0
24,24,เพชรบุรี,เพชรบุรี,1
24,24,เชียงใหม่,เชียงใหม่,2
24,24,เชียงราย,เชียงราย,0
24,24,อุบลราชธานี,อุบลราชธานี,2
24,24,อุทัยธานี,อุทัยธานี,0
24,24,อุตรดิตถ์,อุตรดิตถ์,1
24,24,อุดรธานี,อุดรธานี,0
24,24,หนองบัวลำภู,หนองบัวลำภู,0
24,24,หนองคาย,หนองคาย,1
24,24,สุโขทัย,สุโขทัย,2
24,24,สุรินทร์,สุรินทร์,0
24,24,สุราษฎร์ธานี,สุราษฎร์ธานี,2
24,24,สุพรรณบุรี,สุพรรณบุรี,0
24,24,สิงห์บุรี,สิงห์บุรี,0
24,24,สระแก้ว,สระแก้ว,0
24,24,สมุทรสาคร,สมุทรสาคร,0
24,24,สมุทรสงคราม,สมุทรสงคราม,0
24,24,สมุทรปราการ,สมุทรปราการ,2
24,24,สงขลา,สงขลา,0
24,24,ศรีสะเกษ,ศรีสะเกษ,2
24,24,ลำพูน,ลำพูน,0
24,24,ลำปาง,ลำปาง,0
24,24,ร้อยเอ็ด,ร้อยเอ็ด,0
24,24,ราชบุรี,ราชบุรี,0
24,24,ระยอง,ระยอง,0
24,24,ระนอง,ระนอง,0
24,24,ยโสธร,ยโสธร,0
24,24,ยะลา,ยะลา,0
24,24,มุกดาหาร,มุกดาหาร,0
24,24,มหาสารคาม,มหาสารคาม,0
24,24,ภูเก็ต,ภูเก็ต,1
24,24,พิษณุโลก,พิษณุโลก,1
24,24,พิจิตร,พิจิตร,0
24,24,พังงา,พังงา,0
24,24,พะเยา,พะเยา,0
24,24,พระนครศรีอยุธยา,พระนครศรีอยุธยา,0
24,24,ปราจีนบุรี,ปราจีนบุรี,0
24,24,ประจวบคีรีขันธ์,ประจวบคีรีขันธ์,0
24,24,ปทุมธานี,ปทุมธานี,0
24,24,บุรีรัมย์,บุรีรัมย์,0
24,24,น่าน,น่าน,0
24,24,นราธิวาส,นราธิวาส,0
24,24,นนทบุรี,นนทบุรี,1
24,24,นครสวรรค์,นครสวรรค์,0
24,24,นครศรีธรรมราช,นครศรีธรรมราช,0
24,24,นครราชสีมา,นครราชสีมา,0
24,24,นครพนม,นครพนม,0
24,24,นครปฐม,นครปฐม,0
24,24,นครนายก,นครนายก,0
24,24,ตาก,ตาก,1
24,24,ตราด,ตราด,0
24,24,ตรัง,ตรัง,0
24,24,ชุมพร,ชุมพร,0
24,24,ชัยภูมิ,ชัยภูมิ,0
24,24,ชลบุรี,ชลบุรี,0
24,24,ฉะเชิงเทรา,ฉะเชิงเทรา,0
24,24,จันทบุรี,จันทบุรี,0
24,24,ขอนแก่น,ขอนแก่น,3
24,24,กำแพงเพชร,กำแพงเพชร,0
24,24,กาฬสินธุ์,กาฬสินธุ์,0
24,24,กาญจนบุรี,กาญจนบุรี,1
24,24,กรุงเทพมหานคร,กรุงเทพมหานคร,8
24,24,กระบี่,กระบี่,0
23,23,%all%,%all%,33
23,23,ไม่ระบุ,ไม่ระบุ,0
23,23,แม่ฮ่องสอน,แม่ฮ่องสอน,0
23,23,แพร่,แพร่,0
23,23,เลย,เลย,0
23,23,เพชรบูรณ์,เพชรบูรณ์,0
23,23,เพชรบุรี,เพชรบุรี,0
23,23,เชียงใหม่,เชียงใหม่,1
23,23,เชียงราย,เชียงราย,1
23,23,อุบลราชธานี,อุบลราชธานี,0
23,23,อุทัยธานี,อุทัยธานี,0
23,23,อุดรธานี,อุดรธานี,0
23,23,อำนาจเจริญ,อำนาจเจริญ,0
23,23,หนองคาย,หนองคาย,0
23,23,สุโขทัย,สุโขทัย,0
23,23,สุรินทร์,สุรินทร์,0
23,23,สุราษฎร์ธานี,สุราษฎร์ธานี,6
23,23,สุพรรณบุรี,สุพรรณบุรี,0
23,23,สิงห์บุรี,สิงห์บุรี,0
23,23,สระแก้ว,สระแก้ว,0
23,23,สระบุรี,สระบุรี,0
23,23,สมุทรสาคร,สมุทรสาคร,0
23,23,สมุทรปราการ,สมุทรปราการ,2
23,23,สงขลา,สงขลา,0
23,23,สกลนคร,สกลนคร,0
23,23,ศรีสะเกษ,ศรีสะเกษ,2
23,23,ลำพูน,ลำพูน,0
23,23,ลำปาง,ลำปาง,0
23,23,ลพบุรี,ลพบุรี,0
23,23,ร้อยเอ็ด,ร้อยเอ็ด,0
23,23,ราชบุรี,ราชบุรี,0
23,23,ระยอง,ระยอง,1
23,23,ยะลา,ยะลา,0
23,23,มุกดาหาร,มุกดาหาร,0
23,23,มหาสารคาม,มหาสารคาม,0
23,23,ภูเก็ต,ภูเก็ต,0
23,23,พิษณุโลก,พิษณุโลก,3
23,23,พิจิตร,พิจิตร,0
23,23,พัทลุง,พัทลุง,0
23,23,พังงา,พังงา,0
23,23,พะเยา,พะเยา,0
23,23,ปราจีนบุรี,ปราจีนบุรี,1
23,23,ประจวบคีรีขันธ์,ประจวบคีรีขันธ์,2
23,23,ปทุมธานี,ปทุมธานี,0
23,23,บุรีรัมย์,บุรีรัมย์,1
23,23,น่าน,น่าน,0
23,23,นนทบุรี,นนทบุรี,0
23,23,นครสวรรค์,นครสวรรค์,0
23,23,นครศรีธรรมราช,นครศรีธรรมราช,0
23,23,นครราชสีมา,นครราชสีมา,0
23,23,นครพนม,นครพนม,0
23,23,นครปฐม,นครปฐม,0
23,23,ตาก,ตาก,0
23,23,ตราด,ตราด,0
23,23,ตรัง,ตรัง,0
23,23,ชุมพร,ชุมพร,0
23,23,ชัยภูมิ,ชัยภูมิ,0
23,23,ชัยนาท,ชัยนาท,0
23,23,ชลบุรี,ชลบุรี,4
23,23,ฉะเชิงเทรา,ฉะเชิงเทรา,1
23,23,จันทบุรี,จันทบุรี,0
23,23,ขอนแก่น,ขอนแก่น,1
23,23,กำแพงเพชร,กำแพงเพชร,0
23,23,กาฬสินธุ์,กาฬสินธุ์,0
23,23,กาญจนบุรี,กาญจนบุรี,1
23,23,กรุงเทพมหานคร,กรุงเทพมหานคร,6
23,23,กระบี่,กระบี่,0
22,22,%all%,%all%,28
22,22,ไม่ระบุ,ไม่ระบุ,0
22,22,แม่ฮ่องสอน,แม่ฮ่องสอน,0
22,22,เลย,เลย,0
22,22,เพชรบูรณ์,เพชรบูรณ์,1
22,22,เพชรบุรี,เพชรบุรี,0
22,22,เชียงใหม่,เชียงใหม่,1
22,22,เชียงราย,เชียงราย,0
22,22,อ่างทอง,อ่างทอง,0
22,22,อุบลราชธานี,อุบลราชธานี,0
22,22,อุตรดิตถ์,อุตรดิตถ์,0
22,22,อุดรธานี,อุดรธานี,0
22,22,อำนาจเจริญ,อำนาจเจริญ,0
22,22,หนองบัวลำภู,หนองบัวลำภู,1
22,22,หนองคาย,หนองคาย,0
22,22,สุรินทร์,สุรินทร์,0
22,22,สุราษฎร์ธานี,สุราษฎร์ธานี,1
22,22,สุพรรณบุรี,สุพรรณบุรี,0
22,22,สิงห์บุรี,สิงห์บุรี,0
22,22,สระแก้ว,สระแก้ว,0
22,22,สระบุรี,สระบุรี,1
22,22,สมุทรสาคร,สมุทรสาคร,0
22,22,สมุทรสงคราม,สมุทรสงคราม,1
22,22,สมุทรปราการ,สมุทรปราการ,1
22,22,สตูล,สตูล,0
22,22,สงขลา,สงขลา,0
22,22,สกลนคร,สกลนคร,0
22,22,ศรีสะเกษ,ศรีสะเกษ,1
22,22,ลำพูน,ลำพูน,0
22,22,ลำปาง,ลำปาง,0
22,22,ลพบุรี,ลพบุรี,0
22,22,ร้อยเอ็ด,ร้อยเอ็ด,0
22,22,ราชบุรี,ราชบุรี,1
22,22,ระยอง,ระยอง,2
22,22,ระนอง,ระนอง,0
22,22,ยโสธร,ยโสธร,0
22,22,มุกดาหาร,มุกดาหาร,1
22,22,มหาสารคาม,มหาสารคาม,1
22,22,ภูเก็ต,ภูเก็ต,0
22,22,พิษณุโลก,พิษณุโลก,0
22,22,พิจิตร,พิจิตร,0
22,22,พัทลุง,พัทลุง,0
22,22,พังงา,พังงา,0
22,22,พระนครศรีอยุธยา,พระนครศรีอยุธยา,0
22,22,ปราจีนบุรี,ปราจีนบุรี,1
22,22,ประจวบคีรีขันธ์,ประจวบคีรีขันธ์,0
22,22,ปทุมธานี,ปทุมธานี,0
22,22,บุรีรัมย์,บุรีรัมย์,1
22,22,บึงกาฬ,บึงกาฬ,0
22,22,น่าน,น่าน,0
22,22,นนทบุรี,นนทบุรี,2
22,22,นครสวรรค์,นครสวรรค์,1
22,22,นครศรีธรรมราช,นครศรีธรรมราช,0
22,22,นครราชสีมา,นครราชสีมา,1
22,22,นครพนม,นครพนม,0
22,22,นครปฐม,นครปฐม,0
22,22,นครนายก,นครนายก,0
22,22,ตาก,ตาก,0
22,22,ตราด,ตราด,0
22,22,ตรัง,ตรัง,0
22,22,ชัยภูมิ,ชัยภูมิ,0
22,22,ชลบุรี,ชลบุรี,0
22,22,ฉะเชิงเทรา,ฉะเชิงเทรา,0
22,22,จันทบุรี,จันทบุรี,0
22,22,ขอนแก่น,ขอนแก่น,2
22,22,กำแพงเพชร,กำแพงเพชร,0
22,22,กาฬสินธุ์,กาฬสินธุ์,0
22,22,กาญจนบุรี,กาญจนบุรี,0
22,22,กรุงเทพมหานคร,กรุงเทพมหานคร,7
22,22,กระบี่,กระบี่,0
21,21,%all%,%all%,27
21,21,ไม่ระบุ,ไม่ระบุ,0
21,21,เลย,เลย,0
21,21,เพชรบูรณ์,เพชรบูรณ์,0
21,21,เพชรบุรี,เพชรบุรี,0
21,21,เชียงใหม่,เชียงใหม่,2
21,21,เชียงราย,เชียงราย,0
21,21,อุบลราชธานี,อุบลราชธานี,0
21,21,อุทัยธานี,อุทัยธานี,1
21,21,อุตรดิตถ์,อุตรดิตถ์,0
21,21,อุดรธานี,อุดรธานี,0
21,21,อำนาจเจริญ,อำนาจเจริญ,0
21,21,หนองบัวลำภู,หนองบัวลำภู,0
21,21,หนองคาย,หนองคาย,0
21,21,สุรินทร์,สุรินทร์,1
21,21,สุราษฎร์ธานี,สุราษฎร์ธานี,2
21,21,สุพรรณบุรี,สุพรรณบุรี,0
21,21,สระแก้ว,สระแก้ว,1
21,21,สระบุรี,สระบุรี,0
21,21,สมุทรสาคร,สมุทรสาคร,0
21,21,สมุทรสงคราม,สมุทรสงคราม,1
21,21,สมุทรปราการ,สมุทรปราการ,0
21,21,สงขลา,สงขลา,2
21,21,ศรีสะเกษ,ศรีสะเกษ,0
21,21,ลำปาง,ลำปาง,0
21,21,ลพบุรี,ลพบุรี,0
21,21,ร้อยเอ็ด,ร้อยเอ็ด,0
21,21,ราชบุรี,ราชบุรี,2
21,21,ระยอง,ระยอง,0
21,21,ยโสธร,ยโสธร,0
21,21,ยะลา,ยะลา,0
21,21,มุกดาหาร,มุกดาหาร,0
21,21,มหาสารคาม,มหาสารคาม,0
21,21,ภูเก็ต,ภูเก็ต,0
21,21,พิษณุโลก,พิษณุโลก,0
21,21,พิจิตร,พิจิตร,0
21,21,พังงา,พังงา,0
21,21,พะเยา,พะเยา,1
21,21,พระนครศรีอยุธยา,พระนครศรีอยุธยา,0
21,21,ปัตตานี,ปัตตานี,0
21,21,ปราจีนบุรี,ปราจีนบุรี,1
21,21,ประจวบคีรีขันธ์,ประจวบคีรีขันธ์,0
21,21,ปทุมธานี,ปทุมธานี,0
21,21,บุรีรัมย์,บุรีรัมย์,0
21,21,น่าน,น่าน,0
21,21,นนทบุรี,นนทบุรี,0
21,21,นครสวรรค์,นครสวรรค์,0
21,21,นครศรีธรรมราช,นครศรีธรรมราช,0
21,21,นครราชสีมา,นครราชสีมา,1
21,21,นครพนม,นครพนม,0
21,21,นครปฐม,นครปฐม,0
21,21,นครนายก,นครนายก,0
21,21,ตาก,ตาก,0
21,21,ตราด,ตราด,0
21,21,ตรัง,ตรัง,0
21,21,ชุมพร,ชุมพร,0
21,21,ชัยภูมิ,ชัยภูมิ,0
21,21,ชัยนาท,ชัยนาท,0
21,21,ชลบุรี,ชลบุรี,1
21,21,ฉะเชิงเทรา,ฉะเชิงเทรา,0
21,21,จันทบุรี,จันทบุรี,1
21,21,ขอนแก่น,ขอนแก่น,2
21,21,กำแพงเพชร,กำแพงเพชร,1
21,21,กาฬสินธุ์,กาฬสินธุ์,0
21,21,กาญจนบุรี,กาญจนบุรี,1
21,21,กรุงเทพมหานคร,กรุงเทพมหานคร,6
21,21,กระบี่,กระบี่,0
20,20,%all%,%all%,45
20,20,แม่ฮ่องสอน,แม่ฮ่องสอน,0
20,20,แพร่,แพร่,0
20,20,เลย,เลย,0
20,20,เพชรบูรณ์,เพชรบูรณ์,1
20,20,เพชรบุรี,เพชรบุรี,0
20,20,เชียงใหม่,เชียงใหม่,0
20,20,เชียงราย,เชียงราย,1
20,20,อุบลราชธานี,อุบลราชธานี,1
20,20,อุตรดิตถ์,อุตรดิตถ์,0
20,20,อุดรธานี,อุดรธานี,1
20,20,อำนาจเจริญ,อำนาจเจริญ,0
20,20,หนองบัวลำภู,หนองบัวลำภู,0
20,20,หนองคาย,หนองคาย,0
20,20,สุโขทัย,สุโขทัย,0
20,20,สุรินทร์,สุรินทร์,1
20,20,สุราษฎร์ธานี,สุราษฎร์ธานี,2
20,20,สุพรรณบุรี,สุพรรณบุรี,5
20,20,สระแก้ว,สระแก้ว,0
20,20,สระบุรี,สระบุรี,1
20,20,สมุทรสาคร,สมุทรสาคร,0
20,20,สมุทรสงคราม,สมุทรสงคราม,0
20,20,สมุทรปราการ,สมุทรปราการ,6
20,20,สตูล,สตูล,0
20,20,สงขลา,สงขลา,0
20,20,สกลนคร,สกลนคร,1
20,20,ศรีสะเกษ,ศรีสะเกษ,0
20,20,ลำปาง,ลำปาง,1
20,20,ลพบุรี,ลพบุรี,0
20,20,ร้อยเอ็ด,ร้อยเอ็ด,0
20,20,ราชบุรี,ราชบุรี,0
20,20,ระยอง,ระยอง,1
20,20,ระนอง,ระนอง,1
20,20,ยโสธร,ยโสธร,0
20,20,ยะลา,ยะลา,0
20,20,มุกดาหาร,มุกดาหาร,0
20,20,มหาสารคาม,มหาสารคาม,1
20,20,ภูเก็ต,ภูเก็ต,0
20,20,พิษณุโลก,พิษณุโลก,0
20,20,พิจิตร,พิจิตร,0
20,20,พัทลุง,พัทลุง,0
20,20,พังงา,พังงา,0
20,20,พระนครศรีอยุธยา,พระนครศรีอยุธยา,0
20,20,ปราจีนบุรี,ปราจีนบุรี,3
20,20,ปทุมธานี,ปทุมธานี,0
20,20,บุรีรัมย์,บุรีรัมย์,1
20,20,บึงกาฬ,บึงกาฬ,0
20,20,น่าน,น่าน,0
20,20,นนทบุรี,นนทบุรี,0
20,20,นครสวรรค์,นครสวรรค์,0
20,20,นครศรีธรรมราช,นครศรีธรรมราช,0
20,20,นครราชสีมา,นครราชสีมา,1
20,20,นครพนม,นครพนม,0
20,20,นครปฐม,นครปฐม,1
20,20,ตาก,ตาก,0
20,20,ตราด,ตราด,0
20,20,ตรัง,ตรัง,0
20,20,ชุมพร,ชุมพร,1
20,20,ชัยภูมิ,ชัยภูมิ,0
20,20,ชัยนาท,ชัยนาท,0
20,20,ชลบุรี,ชลบุรี,1
20,20,ฉะเชิงเทรา,ฉะเชิงเทรา,0
20,20,จันทบุรี,จันทบุรี,0
20,20,ขอนแก่น,ขอนแก่น,5
20,20,กำแพงเพชร,กำแพงเพชร,0
20,20,กาฬสินธุ์,กาฬสินธุ์,0
20,20,กาญจนบุรี,กาญจนบุรี,1
20,20,กรุงเทพมหานคร,กรุงเทพมหานคร,7
20,20,กระบี่,กระบี่,0
19,19,%all%,%all%,56
19,19,แม่ฮ่องสอน,แม่ฮ่องสอน,1
19,19,แพร่,แพร่,0
19,19,เลย,เลย,1
19,19,เพชรบูรณ์,เพชรบูรณ์,1
19,19,เพชรบุรี,เพชรบุรี,0
19,19,เชียงใหม่,เชียงใหม่,3
19,19,เชียงราย,เชียงราย,3
19,19,อุบลราชธานี,อุบลราชธานี,2
19,19,อุตรดิตถ์,อุตรดิตถ์,0
19,19,อุดรธานี,อุดรธานี,0
19,19,อำนาจเจริญ,อำนาจเจริญ,0
19,19,หนองบัวลำภู,หนองบัวลำภู,0
19,19,หนองคาย,หนองคาย,0
19,19,สุโขทัย,สุโขทัย,0
19,19,สุรินทร์,สุรินทร์,2
19,19,สุราษฎร์ธานี,สุราษฎร์ธานี,0
19,19,สุพรรณบุรี,สุพรรณบุรี,0
19,19,สิงห์บุรี,สิงห์บุรี,0
19,19,สระแก้ว,สระแก้ว,0
19,19,สระบุรี,สระบุรี,0
19,19,สมุทรสาคร,สมุทรสาคร,0
19,19,สมุทรปราการ,สมุทรปราการ,2
19,19,สตูล,สตูล,0
19,19,สงขลา,สงขลา,2
19,19,ศรีสะเกษ,ศรีสะเกษ,1
19,19,ลำปาง,ลำปาง,1
19,19,ลพบุรี,ลพบุรี,0
19,19,ร้อยเอ็ด,ร้อยเอ็ด,1
19,19,ราชบุรี,ราชบุรี,0
19,19,ระยอง,ระยอง,11
19,19,ระนอง,ระนอง,0
19,19,ยโสธร,ยโสธร,0
19,19,ยะลา,ยะลา,0
19,19,มุกดาหาร,มุกดาหาร,0
19,19,มหาสารคาม,มหาสารคาม,1
19,19,ภูเก็ต,ภูเก็ต,0
19,19,พิษณุโลก,พิษณุโลก,0
19,19,พิจิตร,พิจิตร,0
19,19,พัทลุง,พัทลุง,0
19,19,พะเยา,พะเยา,0
19,19,พระนครศรีอยุธยา,พระนครศรีอยุธยา,0
19,19,ปราจีนบุรี,ปราจีนบุรี,0
19,19,ประจวบคีรีขันธ์,ประจวบคีรีขันธ์,1
19,19,ปทุมธานี,ปทุมธานี,0
19,19,บุรีรัมย์,บุรีรัมย์,1
19,19,บึงกาฬ,บึงกาฬ,0
19,19,น่าน,น่าน,0
19,19,นราธิวาส,นราธิวาส,0
19,19,นนทบุรี,นนทบุรี,2
19,19,นครสวรรค์,นครสวรรค์,0
19,19,นครศรีธรรมราช,นครศรีธรรมราช,1
19,19,นครราชสีมา,นครราชสีมา,0
19,19,นครพนม,นครพนม,0
19,19,นครปฐม,นครปฐม,0
19,19,นครนายก,นครนายก,0
19,19,ตาก,ตาก,0
19,19,ตราด,ตราด,0
19,19,ตรัง,ตรัง,0
19,19,ชุมพร,ชุมพร,0
19,19,ชัยภูมิ,ชัยภูมิ,0
19,19,ชัยนาท,ชัยนาท,0
19,19,ชลบุรี,ชลบุรี,2
19,19,ฉะเชิงเทรา,ฉะเชิงเทรา,0
19,19,จันทบุรี,จันทบุรี,2
19,19,ขอนแก่น,ขอนแก่น,0
19,19,กำแพงเพชร,กำแพงเพชร,1
19,19,กาฬสินธุ์,กาฬสินธุ์,0
19,19,กาญจนบุรี,กาญจนบุรี,0
19,19,กรุงเทพมหานคร,กรุงเทพมหานคร,14
19,19,กระบี่,กระบี่,0
18,18,%all%,%all%,42
18,18,แพร่,แพร่,1
18,18,เลย,เลย,1
18,18,เพชรบูรณ์,เพชรบูรณ์,1
18,18,เพชรบุรี,เพชรบุรี,0
18,18,เชียงใหม่,เชียงใหม่,1
18,18,เชียงราย,เชียงราย,2
18,18,อ่างทอง,อ่างทอง,0
18,18,อุบลราชธานี,อุบลราชธานี,0
18,18,อุทัยธานี,อุทัยธานี,0
18,18,อุตรดิตถ์,อุตรดิตถ์,0
18,18,อุดรธานี,อุดรธานี,0
18,18,อำนาจเจริญ,อำนาจเจริญ,1
18,18,หนองบัวลำภู,หนองบัวลำภู,0
18,18,หนองคาย,หนองคาย,2
18,18,สุโขทัย,สุโขทัย,1
18,18,สุรินทร์,สุรินทร์,0
18,18,สุราษฎร์ธานี,สุราษฎร์ธานี,1
18,18,สุพรรณบุรี,สุพรรณบุรี,1
18,18,สิงห์บุรี,สิงห์บุรี,0
18,18,สระแก้ว,สระแก้ว,0
18,18,สระบุรี,สระบุรี,0
18,18,สมุทรสาคร,สมุทรสาคร,0
18,18,สมุทรสงคราม,สมุทรสงคราม,0
18,18,สมุทรปราการ,สมุทรปราการ,2
18,18,สงขลา,สงขลา,5
18,18,ศรีสะเกษ,ศรีสะเกษ,1
18,18,ลำปาง,ลำปาง,0
18,18,ลพบุรี,ลพบุรี,0
18,18,ร้อยเอ็ด,ร้อยเอ็ด,0
18,18,ราชบุรี,ราชบุรี,1
18,18,ระยอง,ระยอง,0
18,18,ระนอง,ระนอง,0
18,18,ยโสธร,ยโสธร,1
18,18,ยะลา,ยะลา,0
18,18,มหาสารคาม,มหาสารคาม,0
18,18,ภูเก็ต,ภูเก็ต,1
18,18,พิษณุโลก,พิษณุโลก,1
18,18,พิจิตร,พิจิตร,0
18,18,พัทลุง,พัทลุง,0
18,18,พังงา,พังงา,0
18,18,พะเยา,พะเยา,0
18,18,พระนครศรีอยุธยา,พระนครศรีอยุธยา,1
18,18,ปัตตานี,ปัตตานี,0
18,18,ปราจีนบุรี,ปราจีนบุรี,3
18,18,ประจวบคีรีขันธ์,ประจวบคีรีขันธ์,0
18,18,ปทุมธานี,ปทุมธานี,0
18,18,บุรีรัมย์,บุรีรัมย์,0
18,18,บึงกาฬ,บึงกาฬ,0
18,18,น่าน,น่าน,0
18,18,นนทบุรี,นนทบุรี,0
18,18,นครศรีธรรมราช,นครศรีธรรมราช,1
18,18,นครราชสีมา,นครราชสีมา,0
18,18,นครพนม,นครพนม,0
18,18,นครปฐม,นครปฐม,0
18,18,ตาก,ตาก,0
18,18,ตราด,ตราด,0
18,18,ตรัง,ตรัง,0
18,18,ชัยภูมิ,ชัยภูมิ,0
18,18,ชัยนาท,ชัยนาท,0
18,18,ชลบุรี,ชลบุรี,1
18,18,ฉะเชิงเทรา,ฉะเชิงเทรา,0
18,18,จันทบุรี,จันทบุรี,0
18,18,ขอนแก่น,ขอนแก่น,0
18,18,กำแพงเพชร,กำแพงเพชร,1
18,18,กาฬสินธุ์,กาฬสินธุ์,0
18,18,กาญจนบุรี,กาญจนบุรี,0
18,18,กรุงเทพมหานคร,กรุงเทพมหานคร,11
18,18,กระบี่,กระบี่,0
17,17,%all%,%all%,43
17,17,ไม่ระบุ,ไม่ระบุ,0
17,17,แพร่,แพร่,0
17,17,เลย,เลย,0
17,17,เพชรบูรณ์,เพชรบูรณ์,2
17,17,เชียงใหม่,เชียงใหม่,2
17,17,เชียงราย,เชียงราย,0
17,17,อุบลราชธานี,อุบลราชธานี,1
17,17,อุตรดิตถ์,อุตรดิตถ์,1
17,17,อุดรธานี,อุดรธานี,0
17,17,อำนาจเจริญ,อำนาจเจริญ,0
17,17,หนองบัวลำภู,หนองบัวลำภู,0
17,17,หนองคาย,หนองคาย,0
17,17,สุโขทัย,สุโขทัย,0
17,17,สุรินทร์,สุรินทร์,0
17,17,สุราษฎร์ธานี,สุราษฎร์ธานี,0
17,17,สุพรรณบุรี,สุพรรณบุรี,0
17,17,สระแก้ว,สระแก้ว,2
17,17,สระบุรี,สระบุรี,0
17,17,สมุทรสาคร,สมุทรสาคร,0
17,17,สมุทรสงคราม,สมุทรสงคราม,0
17,17,สมุทรปราการ,สมุทรปราการ,0
17,17,สงขลา,สงขลา,1
17,17,สกลนคร,สกลนคร,0
17,17,ศรีสะเกษ,ศรีสะเกษ,0
17,17,ลำพูน,ลำพูน,0
17,17,ลำปาง,ลำปาง,3
17,17,ลพบุรี,ลพบุรี,1
17,17,ร้อยเอ็ด,ร้อยเอ็ด,0
17,17,ราชบุรี,ราชบุรี,0
17,17,ระยอง,ระยอง,1
17,17,ระนอง,ระนอง,0
17,17,ยโสธร,ยโสธร,0
17,17,ยะลา,ยะลา,0
17,17,มหาสารคาม,มหาสารคาม,1
17,17,ภูเก็ต,ภูเก็ต,1
17,17,พิษณุโลก,พิษณุโลก,0
17,17,พิจิตร,พิจิตร,0
17,17,พัทลุง,พัทลุง,0
17,17,พะเยา,พะเยา,0
17,17,พระนครศรีอยุธยา,พระนครศรีอยุธยา,1
17,17,ปราจีนบุรี,ปราจีนบุรี,4
17,17,ประจวบคีรีขันธ์,ประจวบคีรีขันธ์,0
17,17,ปทุมธานี,ปทุมธานี,1
17,17,บุรีรัมย์,บุรีรัมย์,0
17,17,บึงกาฬ,บึงกาฬ,0
17,17,น่าน,น่าน,0
17,17,นราธิวาส,นราธิวาส,0
17,17,นนทบุรี,นนทบุรี,1
17,17,นครสวรรค์,นครสวรรค์,0
17,17,นครศรีธรรมราช,นครศรีธรรมราช,0
17,17,นครราชสีมา,นครราชสีมา,1
17,17,นครพนม,นครพนม,1
17,17,นครปฐม,นครปฐม,0
17,17,ตราด,ตราด,1
17,17,ตรัง,ตรัง,0
17,17,ชุมพร,ชุมพร,1
17,17,ชัยภูมิ,ชัยภูมิ,0
17,17,ชลบุรี,ชลบุรี,2
17,17,ฉะเชิงเทรา,ฉะเชิงเทรา,0
17,17,จันทบุรี,จันทบุรี,1
17,17,ขอนแก่น,ขอนแก่น,1
17,17,กำแพงเพชร,กำแพงเพชร,1
17,17,กาฬสินธุ์,กาฬสินธุ์,0
17,17,กาญจนบุรี,กาญจนบุรี,1
17,17,กรุงเทพมหานคร,กรุงเทพมหานคร,10
17,17,กระบี่,กระบี่,0
16,16,%all%,%all%,37
16,16,แพร่,แพร่,0
16,16,เลย,เลย,1
16,16,เพชรบูรณ์,เพชรบูรณ์,0
16,16,เพชรบุรี,เพชรบุรี,0
16,16,เชียงใหม่,เชียงใหม่,1
16,16,เชียงราย,เชียงราย,1
16,16,อุบลราชธานี,อุบลราชธานี,1
16,16,อุทัยธานี,อุทัยธานี,0
16,16,อุตรดิตถ์,อุตรดิตถ์,0
16,16,อุดรธานี,อุดรธานี,0
16,16,อำนาจเจริญ,อำนาจเจริญ,0
16,16,หนองบัวลำภู,หนองบัวลำภู,0
16,16,หนองคาย,หนองคาย,0
16,16,สุโขทัย,สุโขทัย,0
16,16,สุรินทร์,สุรินทร์,0
16,16,สุราษฎร์ธานี,สุราษฎร์ธานี,0
16,16,สุพรรณบุรี,สุพรรณบุรี,1
16,16,สระแก้ว,สระแก้ว,0
16,16,สระบุรี,สระบุรี,0
16,16,สมุทรสาคร,สมุทรสาคร,0
16,16,สมุทรปราการ,สมุทรปราการ,0
16,16,สตูล,สตูล,0
16,16,สงขลา,สงขลา,1
16,16,สกลนคร,สกลนคร,0
16,16,ศรีสะเกษ,ศรีสะเกษ,0
16,16,ลำปาง,ลำปาง,3
16,16,ลพบุรี,ลพบุรี,0
16,16,ร้อยเอ็ด,ร้อยเอ็ด,0
16,16,ราชบุรี,ราชบุรี,0
16,16,ระยอง,ระยอง,1
16,16,ยะลา,ยะลา,0
16,16,มุกดาหาร,มุกดาหาร,0
16,16,มหาสารคาม,มหาสารคาม,0
16,16,ภูเก็ต,ภูเก็ต,0
16,16,พิษณุโลก,พิษณุโลก,1
16,16,พิจิตร,พิจิตร,0
16,16,พัทลุง,พัทลุง,0
16,16,พะเยา,พะเยา,1
16,16,พระนครศรีอยุธยา,พระนครศรีอยุธยา,1
16,16,ปราจีนบุรี,ปราจีนบุรี,1
16,16,ประจวบคีรีขันธ์,ประจวบคีรีขันธ์,0
16,16,ปทุมธานี,ปทุมธานี,0
16,16,บุรีรัมย์,บุรีรัมย์,0
16,16,นนทบุรี,นนทบุรี,0
16,16,นครสวรรค์,นครสวรรค์,0
16,16,นครศรีธรรมราช,นครศรีธรรมราช,2
16,16,นครราชสีมา,นครราชสีมา,1
16,16,นครพนม,นครพนม,0
16,16,นครปฐม,นครปฐม,0
16,16,ตาก,ตาก,0
16,16,ตราด,ตราด,0
16,16,ตรัง,ตรัง,1
16,16,ชุมพร,ชุมพร,1
16,16,ชัยภูมิ,ชัยภูมิ,1
16,16,ชลบุรี,ชลบุรี,2
16,16,ฉะเชิงเทรา,ฉะเชิงเทรา,0
16,16,จันทบุรี,จันทบุรี,1
16,16,ขอนแก่น,ขอนแก่น,2
16,16,กำแพงเพชร,กำแพงเพชร,1
16,16,กาฬสินธุ์,กาฬสินธุ์,0
16,16,กาญจนบุรี,กาญจนบุรี,0
16,16,กรุงเทพมหานคร,กรุงเทพมหานคร,10
16,16,กระบี่,กระบี่,1
15,15,%all%,%all%,16
15,15,แม่ฮ่องสอน,แม่ฮ่องสอน,0
15,15,แพร่,แพร่,0
15,15,เลย,เลย,0
15,15,เพชรบูรณ์,เพชรบูรณ์,0
15,15,เพชรบุรี,เพชรบุรี,0
15,15,เชียงใหม่,เชียงใหม่,0
15,15,เชียงราย,เชียงราย,0
15,15,อ่างทอง,อ่างทอง,0
15,15,อุบลราชธานี,อุบลราชธานี,2
15,15,อุตรดิตถ์,อุตรดิตถ์,1
15,15,อุดรธานี,อุดรธานี,0
15,15,อำนาจเจริญ,อำนาจเจริญ,0
15,15,หนองบัวลำภู,หนองบัวลำภู,0
15,15,หนองคาย,หนองคาย,1
15,15,สุรินทร์,สุรินทร์,1
15,15,สุราษฎร์ธานี,สุราษฎร์ธานี,0
15,15,สุพรรณบุรี,สุพรรณบุรี,0
15,15,สิงห์บุรี,สิงห์บุรี,0
15,15,สระแก้ว,สระแก้ว,0
15,15,สระบุรี,สระบุรี,0
15,15,สมุทรสาคร,สมุทรสาคร,0
15,15,สมุทรสงคราม,สมุทรสงคราม,0
15,15,สมุทรปราการ,สมุทรปราการ,0
15,15,สงขลา,สงขลา,0
15,15,สกลนคร,สกลนคร,0
15,15,ศรีสะเกษ,ศรีสะเกษ,0
15,15,ลำพูน,ลำพูน,0
15,15,ลำปาง,ลำปาง,0
15,15,ลพบุรี,ลพบุรี,0
15,15,ร้อยเอ็ด,ร้อยเอ็ด,0
15,15,ราชบุรี,ราชบุรี,0
15,15,ระยอง,ระยอง,0
15,15,ระนอง,ระนอง,3
15,15,ยโสธร,ยโสธร,0
15,15,มหาสารคาม,มหาสารคาม,0
15,15,ภูเก็ต,ภูเก็ต,0
15,15,พิษณุโลก,พิษณุโลก,0
15,15,พิจิตร,พิจิตร,0
15,15,พัทลุง,พัทลุง,0
15,15,พะเยา,พะเยา,0
15,15,พระนครศรีอยุธยา,พระนครศรีอยุธยา,0
15,15,ปราจีนบุรี,ปราจีนบุรี,1
15,15,ประจวบคีรีขันธ์,ประจวบคีรีขันธ์,0
15,15,ปทุมธานี,ปทุมธานี,0
15,15,บุรีรัมย์,บุรีรัมย์,0
15,15,น่าน,น่าน,0
15,15,นนทบุรี,นนทบุรี,0
15,15,นครสวรรค์,นครสวรรค์,0
15,15,นครศรีธรรมราช,นครศรีธรรมราช,0
15,15,นครราชสีมา,นครราชสีมา,1
15,15,นครปฐม,นครปฐม,1
15,15,นครนายก,นครนายก,0
15,15,ตาก,ตาก,0
15,15,ตราด,ตราด,0
15,15,ชัยภูมิ,ชัยภูมิ,0
15,15,ชลบุรี,ชลบุรี,2
15,15,ฉะเชิงเทรา,ฉะเชิงเทรา,0
15,15,จันทบุรี,จันทบุรี,0
15,15,ขอนแก่น,ขอนแก่น,0
15,15,กำแพงเพชร,กำแพงเพชร,0
15,15,กาฬสินธุ์,กาฬสินธุ์,0
15,15,กรุงเทพมหานคร,กรุงเทพมหานคร,3
15,15,กระบี่,กระบี่,0
14,14,%all%,%all%,56
14,14,แม่ฮ่องสอน,แม่ฮ่องสอน,0
14,14,แพร่,แพร่,0
14,14,เลย,เลย,0
14,14,เพชรบูรณ์,เพชรบูรณ์,3
14,14,เพชรบุรี,เพชรบุรี,0
14,14,เชียงใหม่,เชียงใหม่,6
14,14,เชียงราย,เชียงราย,1
14,14,อ่างทอง,อ่างทอง,1
14,14,อุบลราชธานี,อุบลราชธานี,1
14,14,อุตรดิตถ์,อุตรดิตถ์,0
14,14,อุดรธานี,อุดรธานี,0
14,14,อำนาจเจริญ,อำนาจเจริญ,0
14,14,หนองคาย,หนองคาย,1
14,14,สุโขทัย,สุโขทัย,0
14,14,สุรินทร์,สุรินทร์,0
14,14,สุราษฎร์ธานี,สุราษฎร์ธานี,2
14,14,สุพรรณบุรี,สุพรรณบุรี,0
14,14,สิงห์บุรี,สิงห์บุรี,0
14,14,สระแก้ว,สระแก้ว,0
14,14,สระบุรี,สระบุรี,1
14,14,สมุทรสาคร,สมุทรสาคร,0
14,14,สมุทรสงคราม,สมุทรสงคราม,1
14,14,สมุทรปราการ,สมุทรปราการ,3
14,14,สงขลา,สงขลา,3
14,14,สกลนคร,สกลนคร,0
14,14,ศรีสะเกษ,ศรีสะเกษ,1
14,14,ลำปาง,ลำปาง,2
14,14,ลพบุรี,ลพบุรี,0
14,14,ร้อยเอ็ด,ร้อยเอ็ด,0
14,14,ราชบุรี,ราชบุรี,2
14,14,ระยอง,ระยอง,2
14,14,ระนอง,ระนอง,0
14,14,ยะลา,ยะลา,0
14,14,มุกดาหาร,มุกดาหาร,0
14,14,มหาสารคาม,มหาสารคาม,0
14,14,ภูเก็ต,ภูเก็ต,2
14,14,พิษณุโลก,พิษณุโลก,0
14,14,พิจิตร,พิจิตร,0
14,14,พัทลุง,พัทลุง,0
14,14,พระนครศรีอยุธยา,พระนครศรีอยุธยา,0
14,14,ปัตตานี,ปัตตานี,1
14,14,ปราจีนบุรี,ปราจีนบุรี,1
14,14,ประจวบคีรีขันธ์,ประจวบคีรีขันธ์,1
14,14,ปทุมธานี,ปทุมธานี,0
14,14,บุรีรัมย์,บุรีรัมย์,1
14,14,บึงกาฬ,บึงกาฬ,0
14,14,น่าน,น่าน,0
14,14,นราธิวาส,นราธิวาส,0
14,14,นนทบุรี,นนทบุรี,1
14,14,นครสวรรค์,นครสวรรค์,1
14,14,นครศรีธรรมราช,นครศรีธรรมราช,1
14,14,นครราชสีมา,นครราชสีมา,1
14,14,นครพนม,นครพนม,0
14,14,นครปฐม,นครปฐม,0
14,14,นครนายก,นครนายก,0
14,14,ตาก,ตาก,0
14,14,ตราด,ตราด,1
14,14,ตรัง,ตรัง,0
14,14,ชุมพร,ชุมพร,0
14,14,ชัยภูมิ,ชัยภูมิ,0
14,14,ชัยนาท,ชัยนาท,0
14,14,ชลบุรี,ชลบุรี,2
14,14,ฉะเชิงเทรา,ฉะเชิงเทรา,1
14,14,จันทบุรี,จันทบุรี,1
14,14,ขอนแก่น,ขอนแก่น,2
14,14,กำแพงเพชร,กำแพงเพชร,1
14,14,กาฬสินธุ์,กาฬสินธุ์,1
14,14,กาญจนบุรี,กาญจนบุรี,2
14,14,กรุงเทพมหานคร,กรุงเทพมหานคร,4
14,14,กระบี่,กระบี่,1
13,13,%all%,%all%,61
13,13,แพร่,แพร่,0
13,13,เลย,เลย,0
13,13,เพชรบูรณ์,เพชรบูรณ์,1
13,13,เพชรบุรี,เพชรบุรี,0
13,13,เชียงใหม่,เชียงใหม่,2
13,13,เชียงราย,เชียงราย,2
13,13,อ่างทอง,อ่างทอง,0
13,13,อุบลราชธานี,อุบลราชธานี,1
13,13,อุทัยธานี,อุทัยธานี,1
13,13,อุตรดิตถ์,อุตรดิตถ์,0
13,13,อุดรธานี,อุดรธานี,0
13,13,อำนาจเจริญ,อำนาจเจริญ,0
13,13,หนองบัวลำภู,หนองบัวลำภู,0
13,13,หนองคาย,หนองคาย,0
13,13,สุโขทัย,สุโขทัย,0
13,13,สุรินทร์,สุรินทร์,0
13,13,สุราษฎร์ธานี,สุราษฎร์ธานี,3
13,13,สุพรรณบุรี,สุพรรณบุรี,0
13,13,สระแก้ว,สระแก้ว,0
13,13,สระบุรี,สระบุรี,1
13,13,สมุทรสาคร,สมุทรสาคร,0
13,13,สมุทรสงคราม,สมุทรสงคราม,1
13,13,สมุทรปราการ,สมุทรปราการ,3
13,13,สตูล,สตูล,0
13,13,สงขลา,สงขลา,3
13,13,สกลนคร,สกลนคร,0
13,13,ศรีสะเกษ,ศรีสะเกษ,0
13,13,ลำปาง,ลำปาง,2
13,13,ลพบุรี,ลพบุรี,0
13,13,ร้อยเอ็ด,ร้อยเอ็ด,1
13,13,ราชบุรี,ราชบุรี,5
13,13,ระยอง,ระยอง,1
13,13,ระนอง,ระนอง,1
13,13,ยโสธร,ยโสธร,0
13,13,ยะลา,ยะลา,0
13,13,มหาสารคาม,มหาสารคาม,2
13,13,ภูเก็ต,ภูเก็ต,0
13,13,พิษณุโลก,พิษณุโลก,0
13,13,พิจิตร,พิจิตร,0
13,13,พัทลุง,พัทลุง,0
13,13,พะเยา,พะเยา,0
13,13,ปราจีนบุรี,ปราจีนบุรี,0
13,13,ประจวบคีรีขันธ์,ประจวบคีรีขันธ์,0
13,13,ปทุมธานี,ปทุมธานี,0
13,13,บุรีรัมย์,บุรีรัมย์,0
13,13,น่าน,น่าน,0
13,13,นราธิวาส,นราธิวาส,1
13,13,นนทบุรี,นนทบุรี,0
13,13,นครสวรรค์,นครสวรรค์,0
13,13,นครศรีธรรมราช,นครศรีธรรมราช,0
13,13,นครราชสีมา,นครราชสีมา,1
13,13,นครพนม,นครพนม,0
13,13,นครปฐม,นครปฐม,0
13,13,นครนายก,นครนายก,0
13,13,ตาก,ตาก,2
13,13,ตราด,ตราด,0
13,13,ตรัง,ตรัง,0
13,13,ชลบุรี,ชลบุรี,2
13,13,ฉะเชิงเทรา,ฉะเชิงเทรา,0
13,13,จันทบุรี,จันทบุรี,1
13,13,ขอนแก่น,ขอนแก่น,1
13,13,กำแพงเพชร,กำแพงเพชร,3
13,13,กาฬสินธุ์,กาฬสินธุ์,0
13,13,กาญจนบุรี,กาญจนบุรี,2
13,13,กรุงเทพมหานคร,กรุงเทพมหานคร,17
13,13,กระบี่,กระบี่,1
12,12,%all%,%all%,60
12,12,ไม่ระบุ,ไม่ระบุ,0
12,12,แม่ฮ่องสอน,แม่ฮ่องสอน,0
12,12,แพร่,แพร่,0
12,12,เลย,เลย,2
12,12,เพชรบูรณ์,เพชรบูรณ์,1
12,12,เพชรบุรี,เพชรบุรี,0
12,12,เชียงใหม่,เชียงใหม่,6
12,12,เชียงราย,เชียงราย,1
12,12,อ่างทอง,อ่างทอง,0
12,12,อุบลราชธานี,อุบลราชธานี,1
12,12,อุทัยธานี,อุทัยธานี,0
12,12,อุตรดิตถ์,อุตรดิตถ์,0
12,12,อุดรธานี,อุดรธานี,0
12,12,อำนาจเจริญ,อำนาจเจริญ,0
12,12,หนองบัวลำภู,หนองบัวลำภู,0
12,12,หนองคาย,หนองคาย,1
12,12,สุโขทัย,สุโขทัย,1
12,12,สุรินทร์,สุรินทร์,1
12,12,สุราษฎร์ธานี,สุราษฎร์ธานี,1
12,12,สุพรรณบุรี,สุพรรณบุรี,1
12,12,สระแก้ว,สระแก้ว,0
12,12,สระบุรี,สระบุรี,0
12,12,สมุทรสาคร,สมุทรสาคร,0
12,12,สมุทรสงคราม,สมุทรสงคราม,0
12,12,สมุทรปราการ,สมุทรปราการ,5
12,12,สตูล,สตูล,0
12,12,สงขลา,สงขลา,0
12,12,สกลนคร,สกลนคร,0
12,12,ศรีสะเกษ,ศรีสะเกษ,1
12,12,ลำพูน,ลำพูน,0
12,12,ลำปาง,ลำปาง,0
12,12,ลพบุรี,ลพบุรี,0
12,12,ร้อยเอ็ด,ร้อยเอ็ด,1
12,12,ราชบุรี,ราชบุรี,5
12,12,ระยอง,ระยอง,2
12,12,ระนอง,ระนอง,0
12,12,ยโสธร,ยโสธร,1
12,12,มหาสารคาม,มหาสารคาม,1
12,12,ภูเก็ต,ภูเก็ต,1
12,12,พิษณุโลก,พิษณุโลก,0
12,12,พิจิตร,พิจิตร,0
12,12,พังงา,พังงา,0
12,12,พะเยา,พะเยา,1
12,12,พระนครศรีอยุธยา,พระนครศรีอยุธยา,0
12,12,ปัตตานี,ปัตตานี,0
12,12,ปราจีนบุรี,ปราจีนบุรี,0
12,12,ประจวบคีรีขันธ์,ประจวบคีรีขันธ์,0
12,12,ปทุมธานี,ปทุมธานี,1
12,12,บุรีรัมย์,บุรีรัมย์,0
12,12,บึงกาฬ,บึงกาฬ,0
12,12,นนทบุรี,นนทบุรี,1
12,12,นครสวรรค์,นครสวรรค์,1
12,12,นครศรีธรรมราช,นครศรีธรรมราช,0
12,12,นครราชสีมา,นครราชสีมา,0
12,12,นครพนม,นครพนม,0
12,12,นครปฐม,นครปฐม,0
12,12,ตาก,ตาก,0
12,12,ตราด,ตราด,0
12,12,ตรัง,ตรัง,0
12,12,ชุมพร,ชุมพร,0
12,12,ชัยภูมิ,ชัยภูมิ,0
12,12,ชัยนาท,ชัยนาท,0
12,12,ชลบุรี,ชลบุรี,1
12,12,ฉะเชิงเทรา,ฉะเชิงเทรา,0
12,12,จันทบุรี,จันทบุรี,2
12,12,ขอนแก่น,ขอนแก่น,3
12,12,กำแพงเพชร,กำแพงเพชร,2
12,12,กาฬสินธุ์,กาฬสินธุ์,0
12,12,กาญจนบุรี,กาญจนบุรี,0
12,12,กรุงเทพมหานคร,กรุงเทพมหานคร,14
12,12,กระบี่,กระบี่,1
11,11,%all%,%all%,62
11,11,ไม่ระบุ,ไม่ระบุ,0
11,11,แม่ฮ่องสอน,แม่ฮ่องสอน,0
11,11,เพชรบูรณ์,เพชรบูรณ์,0
11,11,เพชรบุรี,เพชรบุรี,0
11,11,เชียงใหม่,เชียงใหม่,5
11,11,เชียงราย,เชียงราย,3
11,11,อ่างทอง,อ่างทอง,0
11,11,อุบลราชธานี,อุบลราชธานี,1
11,11,อุตรดิตถ์,อุตรดิตถ์,0
11,11,อุดรธานี,อุดรธานี,0
11,11,อำนาจเจริญ,อำนาจเจริญ,0
11,11,หนองบัวลำภู,หนองบัวลำภู,0
11,11,หนองคาย,หนองคาย,1
11,11,สุโขทัย,สุโขทัย,0
11,11,สุรินทร์,สุรินทร์,0
11,11,สุราษฎร์ธานี,สุราษฎร์ธานี,1
11,11,สุพรรณบุรี,สุพรรณบุรี,1
11,11,สิงห์บุรี,สิงห์บุรี,0
11,11,สระแก้ว,สระแก้ว,1
11,11,สระบุรี,สระบุรี,1
11,11,สมุทรสาคร,สมุทรสาคร,0
11,11,สมุทรสงคราม,สมุทรสงคราม,0
11,11,สมุทรปราการ,สมุทรปราการ,0
11,11,สงขลา,สงขลา,3
11,11,สกลนคร,สกลนคร,0
11,11,ศรีสะเกษ,ศรีสะเกษ,0
11,11,ลำพูน,ลำพูน,0
11,11,ลำปาง,ลำปาง,1
11,11,ลพบุรี,ลพบุรี,0
11,11,ร้อยเอ็ด,ร้อยเอ็ด,0
11,11,ราชบุรี,ราชบุรี,0
11,11,ระยอง,ระยอง,0
11,11,ระนอง,ระนอง,0
11,11,ยโสธร,ยโสธร,0
11,11,ยะลา,ยะลา,0
11,11,มุกดาหาร,มุกดาหาร,1
11,11,มหาสารคาม,มหาสารคาม,1
11,11,ภูเก็ต,ภูเก็ต,1
11,11,พิษณุโลก,พิษณุโลก,2
11,11,พิจิตร,พิจิตร,0
11,11,พังงา,พังงา,1
11,11,พะเยา,พะเยา,0
11,11,พระนครศรีอยุธยา,พระนครศรีอยุธยา,0
11,11,ปราจีนบุรี,ปราจีนบุรี,2
11,11,ประจวบคีรีขันธ์,ประจวบคีรีขันธ์,1
11,11,ปทุมธานี,ปทุมธานี,0
11,11,บุรีรัมย์,บุรีรัมย์,0
11,11,บึงกาฬ,บึงกาฬ,0
11,11,น่าน,น่าน,0
11,11,นราธิวาส,นราธิวาส,0
11,11,นนทบุรี,นนทบุรี,3
11,11,นครสวรรค์,นครสวรรค์,1
11,11,นครศรีธรรมราช,นครศรีธรรมราช,2
11,11,นครราชสีมา,นครราชสีมา,1
11,11,นครพนม,นครพนม,0
11,11,นครปฐม,นครปฐม,0
11,11,นครนายก,นครนายก,0
11,11,ตาก,ตาก,1
11,11,ตราด,ตราด,3
11,11,ตรัง,ตรัง,0
11,11,ชุมพร,ชุมพร,0
11,11,ชัยภูมิ,ชัยภูมิ,0
11,11,ชลบุรี,ชลบุรี,3
11,11,ฉะเชิงเทรา,ฉะเชิงเทรา,0
11,11,จันทบุรี,จันทบุรี,4
11,11,ขอนแก่น,ขอนแก่น,4
11,11,กำแพงเพชร,กำแพงเพชร,1
11,11,กาฬสินธุ์,กาฬสินธุ์,0
11,11,กาญจนบุรี,กาญจนบุรี,1
11,11,กรุงเทพมหานคร,กรุงเทพมหานคร,11
10,10,%all%,%all%,40
10,10,แม่ฮ่องสอน,แม่ฮ่องสอน,0
10,10,แพร่,แพร่,0
10,10,เลย,เลย,0
10,10,เพชรบูรณ์,เพชรบูรณ์,1
10,10,เพชรบุรี,เพชรบุรี,0
10,10,เชียงใหม่,เชียงใหม่,0
10,10,เชียงราย,เชียงราย,1
10,10,อ่างทอง,อ่างทอง,0
10,10,อุบลราชธานี,อุบลราชธานี,1
10,10,อุทัยธานี,อุทัยธานี,1
10,10,อุตรดิตถ์,อุตรดิตถ์,0
10,10,อุดรธานี,อุดรธานี,1
10,10,หนองคาย,หนองคาย,0
10,10,สุโขทัย,สุโขทัย,0
10,10,สุรินทร์,สุรินทร์,0
10,10,สุราษฎร์ธานี,สุราษฎร์ธานี,1
10,10,สุพรรณบุรี,สุพรรณบุรี,0
10,10,สระแก้ว,สระแก้ว,0
10,10,สระบุรี,สระบุรี,0
10,10,สมุทรสาคร,สมุทรสาคร,0
10,10,สมุทรปราการ,สมุทรปราการ,4
10,10,สตูล,สตูล,0
10,10,สงขลา,สงขลา,1
10,10,ศรีสะเกษ,ศรีสะเกษ,2
10,10,ลำพูน,ลำพูน,0
10,10,ลำปาง,ลำปาง,0
10,10,ลพบุรี,ลพบุรี,0
10,10,ร้อยเอ็ด,ร้อยเอ็ด,0
10,10,ราชบุรี,ราชบุรี,0
10,10,ระยอง,ระยอง,0
10,10,ระนอง,ระนอง,0
10,10,ยะลา,ยะลา,0
10,10,มุกดาหาร,มุกดาหาร,0
10,10,มหาสารคาม,มหาสารคาม,1
10,10,ภูเก็ต,ภูเก็ต,0
10,10,พิษณุโลก,พิษณุโลก,0
10,10,พิจิตร,พิจิตร,0
10,10,พัทลุง,พัทลุง,0
10,10,พังงา,พังงา,0
10,10,พะเยา,พะเยา,0
10,10,พระนครศรีอยุธยา,พระนครศรีอยุธยา,0
10,10,ปัตตานี,ปัตตานี,0
10,10,ปราจีนบุรี,ปราจีนบุรี,2
10,10,ประจวบคีรีขันธ์,ประจวบคีรีขันธ์,0
10,10,ปทุมธานี,ปทุมธานี,0
10,10,บุรีรัมย์,บุรีรัมย์,1
10,10,บึงกาฬ,บึงกาฬ,0
10,10,น่าน,น่าน,0
10,10,นราธิวาส,นราธิวาส,0
10,10,นนทบุรี,นนทบุรี,1
10,10,นครสวรรค์,นครสวรรค์,1
10,10,นครศรีธรรมราช,นครศรีธรรมราช,1
10,10,นครราชสีมา,นครราชสีมา,0
10,10,นครพนม,นครพนม,0
10,10,นครนายก,นครนายก,0
10,10,ตาก,ตาก,0
10,10,ตราด,ตราด,0
10,10,ตรัง,ตรัง,0
10,10,ชัยภูมิ,ชัยภูมิ,1
10,10,ชัยนาท,ชัยนาท,0
10,10,ชลบุรี,ชลบุรี,2
10,10,ฉะเชิงเทรา,ฉะเชิงเทรา,1
10,10,จันทบุรี,จันทบุรี,1
10,10,ขอนแก่น,ขอนแก่น,2
10,10,กำแพงเพชร,กำแพงเพชร,0
10,10,กาฬสินธุ์,กาฬสินธุ์,0
10,10,กาญจนบุรี,กาญจนบุรี,0
10,10,กรุงเทพมหานคร,กรุงเทพมหานคร,13
10,10,กระบี่,กระบี่,0
9,9,%all%,%all%,59
9,9,ไม่ระบุ,ไม่ระบุ,0
9,9,แพร่,แพร่,0
9,9,เลย,เลย,0
9,9,เพชรบูรณ์,เพชรบูรณ์,2
9,9,เพชรบุรี,เพชรบุรี,0
9,9,เชียงใหม่,เชียงใหม่,6
9,9,เชียงราย,เชียงราย,1
9,9,อุบลราชธานี,อุบลราชธานี,2
9,9,อุทัยธานี,อุทัยธานี,0
9,9,อุตรดิตถ์,อุตรดิตถ์,0
9,9,อุดรธานี,อุดรธานี,0
9,9,อำนาจเจริญ,อำนาจเจริญ,1
9,9,หนองบัวลำภู,หนองบัวลำภู,0
9,9,หนองคาย,หนองคาย,0
9,9,สุโขทัย,สุโขทัย,0
9,9,สุรินทร์,สุรินทร์,0
9,9,สุราษฎร์ธานี,สุราษฎร์ธานี,3
9,9,สุพรรณบุรี,สุพรรณบุรี,0
9,9,สิงห์บุรี,สิงห์บุรี,0
9,9,สระแก้ว,สระแก้ว,0
9,9,สระบุรี,สระบุรี,0
9,9,สมุทรสาคร,สมุทรสาคร,0
9,9,สมุทรสงคราม,สมุทรสงคราม,0
9,9,สมุทรปราการ,สมุทรปราการ,2
9,9,สงขลา,สงขลา,0
9,9,สกลนคร,สกลนคร,1
9,9,ศรีสะเกษ,ศรีสะเกษ,0
9,9,ลำพูน,ลำพูน,0
9,9,ลำปาง,ลำปาง,2
9,9,ลพบุรี,ลพบุรี,0
9,9,ร้อยเอ็ด,ร้อยเอ็ด,0
9,9,ราชบุรี,ราชบุรี,0
9,9,ระยอง,ระยอง,3
9,9,ระนอง,ระนอง,0
9,9,ยโสธร,ยโสธร,0
9,9,ยะลา,ยะลา,1
9,9,มหาสารคาม,มหาสารคาม,2
9,9,ภูเก็ต,ภูเก็ต,1
9,9,พิษณุโลก,พิษณุโลก,2
9,9,พิจิตร,พิจิตร,0
9,9,พัทลุง,พัทลุง,1
9,9,พังงา,พังงา,0
9,9,พะเยา,พะเยา,0
9,9,พระนครศรีอยุธยา,พระนครศรีอยุธยา,2
9,9,ปราจีนบุรี,ปราจีนบุรี,4
9,9,ประจวบคีรีขันธ์,ประจวบคีรีขันธ์,0
9,9,ปทุมธานี,ปทุมธานี,0
9,9,บุรีรัมย์,บุรีรัมย์,2
9,9,บึงกาฬ,บึงกาฬ,0
9,9,น่าน,น่าน,0
9,9,นราธิวาส,นราธิวาส,0
9,9,นนทบุรี,นนทบุรี,0
9,9,นครสวรรค์,นครสวรรค์,0
9,9,นครศรีธรรมราช,นครศรีธรรมราช,2
9,9,นครราชสีมา,นครราชสีมา,0
9,9,นครพนม,นครพนม,1
9,9,นครปฐม,นครปฐม,0
9,9,ตาก,ตาก,0
9,9,ตราด,ตราด,0
9,9,ตรัง,ตรัง,0
9,9,ชุมพร,ชุมพร,0
9,9,ชัยภูมิ,ชัยภูมิ,1
9,9,ชัยนาท,ชัยนาท,0
9,9,ชลบุรี,ชลบุรี,2
9,9,ฉะเชิงเทรา,ฉะเชิงเทรา,1
9,9,จันทบุรี,จันทบุรี,0
9,9,ขอนแก่น,ขอนแก่น,2
9,9,กำแพงเพชร,กำแพงเพชร,0
9,9,กาฬสินธุ์,กาฬสินธุ์,1
9,9,กาญจนบุรี,กาญจนบุรี,0
9,9,กรุงเทพมหานคร,กรุงเทพมหานคร,11
9,9,กระบี่,กระบี่,0
8,8,%all%,%all%,58
8,8,แม่ฮ่องสอน,แม่ฮ่องสอน,0
8,8,เลย,เลย,0
8,8,เพชรบูรณ์,เพชรบูรณ์,1
8,8,เพชรบุรี,เพชรบุรี,0
8,8,เชียงใหม่,เชียงใหม่,2
8,8,เชียงราย,เชียงราย,1
8,8,อุบลราชธานี,อุบลราชธานี,3
8,8,อุทัยธานี,อุทัยธานี,0
8,8,อุตรดิตถ์,อุตรดิตถ์,0
8,8,อุดรธานี,อุดรธานี,0
8,8,หนองคาย,หนองคาย,0
8,8,สุโขทัย,สุโขทัย,0
8,8,สุรินทร์,สุรินทร์,0
8,8,สุราษฎร์ธานี,สุราษฎร์ธานี,1
8,8,สุพรรณบุรี,สุพรรณบุรี,0
8,8,สิงห์บุรี,สิงห์บุรี,0
8,8,สระแก้ว,สระแก้ว,0
8,8,สระบุรี,สระบุรี,0
8,8,สมุทรสาคร,สมุทรสาคร,0
8,8,สมุทรสงคราม,สมุทรสงคราม,0
8,8,สมุทรปราการ,สมุทรปราการ,0
8,8,สตูล,สตูล,0
8,8,สงขลา,สงขลา,1
8,8,สกลนคร,สกลนคร,0
8,8,ศรีสะเกษ,ศรีสะเกษ,0
8,8,ลำปาง,ลำปาง,3
8,8,ลพบุรี,ลพบุรี,0
8,8,ร้อยเอ็ด,ร้อยเอ็ด,0
8,8,ราชบุรี,ราชบุรี,1
8,8,ระยอง,ระยอง,2
8,8,ระนอง,ระนอง,0
8,8,ยโสธร,ยโสธร,0
8,8,ยะลา,ยะลา,0
8,8,มหาสารคาม,มหาสารคาม,0
8,8,ภูเก็ต,ภูเก็ต,2
8,8,พิษณุโลก,พิษณุโลก,1
8,8,พิจิตร,พิจิตร,0
8,8,พัทลุง,พัทลุง,0
8,8,พังงา,พังงา,1
8,8,พะเยา,พะเยา,0
8,8,พระนครศรีอยุธยา,พระนครศรีอยุธยา,0
8,8,ปัตตานี,ปัตตานี,0
8,8,ปราจีนบุรี,ปราจีนบุรี,0
8,8,ประจวบคีรีขันธ์,ประจวบคีรีขันธ์,0
8,8,ปทุมธานี,ปทุมธานี,0
8,8,บุรีรัมย์,บุรีรัมย์,2
8,8,น่าน,น่าน,1
8,8,นราธิวาส,นราธิวาส,0
8,8,นนทบุรี,นนทบุรี,4
8,8,นครสวรรค์,นครสวรรค์,2
8,8,นครศรีธรรมราช,นครศรีธรรมราช,0
8,8,นครราชสีมา,นครราชสีมา,0
8,8,นครพนม,นครพนม,0
8,8,นครปฐม,นครปฐม,0
8,8,นครนายก,นครนายก,0
8,8,ตราด,ตราด,1
8,8,ตรัง,ตรัง,0
8,8,ชุมพร,ชุมพร,0
8,8,ชัยภูมิ,ชัยภูมิ,1
8,8,ชลบุรี,ชลบุรี,2
8,8,ฉะเชิงเทรา,ฉะเชิงเทรา,1
8,8,จันทบุรี,จันทบุรี,3
8,8,ขอนแก่น,ขอนแก่น,2
8,8,กำแพงเพชร,กำแพงเพชร,1
8,8,กาฬสินธุ์,กาฬสินธุ์,0
8,8,กาญจนบุรี,กาญจนบุรี,1
8,8,กรุงเทพมหานคร,กรุงเทพมหานคร,18
8,8,กระบี่,กระบี่,0
7,7,%all%,%all%,59
7,7,แพร่,แพร่,0
7,7,เลย,เลย,0
7,7,เพชรบูรณ์,เพชรบูรณ์,2
7,7,เพชรบุรี,เพชรบุรี,0
7,7,เชียงใหม่,เชียงใหม่,3
7,7,เชียงราย,เชียงราย,0
7,7,อ่างทอง,อ่างทอง,0
7,7,อุบลราชธานี,อุบลราชธานี,2
7,7,อุทัยธานี,อุทัยธานี,0
7,7,อุตรดิตถ์,อุตรดิตถ์,0
7,7,อุดรธานี,อุดรธานี,0
7,7,สุโขทัย,สุโขทัย,0
7,7,สุรินทร์,สุรินทร์,0
7,7,สุราษฎร์ธานี,สุราษฎร์ธานี,1
7,7,สิงห์บุรี,สิงห์บุรี,2
7,7,สระแก้ว,สระแก้ว,0
7,7,สระบุรี,สระบุรี,0
7,7,สมุทรสาคร,สมุทรสาคร,1
7,7,สมุทรสงคราม,สมุทรสงคราม,0
7,7,สมุทรปราการ,สมุทรปราการ,2
7,7,สตูล,สตูล,0
7,7,สงขลา,สงขลา,5
7,7,สกลนคร,สกลนคร,0
7,7,ศรีสะเกษ,ศรีสะเกษ,0
7,7,ลำพูน,ลำพูน,0
7,7,ลำปาง,ลำปาง,2
7,7,ลพบุรี,ลพบุรี,0
7,7,ร้อยเอ็ด,ร้อยเอ็ด,0
7,7,ราชบุรี,ราชบุรี,1
7,7,ระยอง,ระยอง,3
7,7,ระนอง,ระนอง,0
7,7,ยโสธร,ยโสธร,0
7,7,ยะลา,ยะลา,0
7,7,มุกดาหาร,มุกดาหาร,0
7,7,มหาสารคาม,มหาสารคาม,0
7,7,ภูเก็ต,ภูเก็ต,1
7,7,พิษณุโลก,พิษณุโลก,1
7,7,พิจิตร,พิจิตร,0
7,7,พัทลุง,พัทลุง,1
7,7,พะเยา,พะเยา,0
7,7,พระนครศรีอยุธยา,พระนครศรีอยุธยา,0
7,7,ปัตตานี,ปัตตานี,0
7,7,ปราจีนบุรี,ปราจีนบุรี,0
7,7,ประจวบคีรีขันธ์,ประจวบคีรีขันธ์,1
7,7,ปทุมธานี,ปทุมธานี,0
7,7,บุรีรัมย์,บุรีรัมย์,1
7,7,บึงกาฬ,บึงกาฬ,0
7,7,น่าน,น่าน,1
7,7,นราธิวาส,นราธิวาส,0
7,7,นนทบุรี,นนทบุรี,5
7,7,นครสวรรค์,นครสวรรค์,0
7,7,นครศรีธรรมราช,นครศรีธรรมราช,0
7,7,นครราชสีมา,นครราชสีมา,0
7,7,นครพนม,นครพนม,0
7,7,นครปฐม,นครปฐม,0
7,7,นครนายก,นครนายก,1
7,7,ตาก,ตาก,0
7,7,ตราด,ตราด,2
7,7,ชุมพร,ชุมพร,1
7,7,ชัยภูมิ,ชัยภูมิ,1
7,7,ชลบุรี,ชลบุรี,1
7,7,ฉะเชิงเทรา,ฉะเชิงเทรา,0
7,7,จันทบุรี,จันทบุรี,4
7,7,ขอนแก่น,ขอนแก่น,2
7,7,กำแพงเพชร,กำแพงเพชร,1
7,7,กาฬสินธุ์,กาฬสินธุ์,0
7,7,กาญจนบุรี,กาญจนบุรี,1
7,7,กรุงเทพมหานคร,กรุงเทพมหานคร,10
7,7,กระบี่,กระบี่,0
6,6,%all%,%all%,48
6,6,แพร่,แพร่,0
6,6,เลย,เลย,0
6,6,เพชรบูรณ์,เพชรบูรณ์,1
6,6,เพชรบุรี,เพชรบุรี,1
6,6,เชียงใหม่,เชียงใหม่,0
6,6,เชียงราย,เชียงราย,2
6,6,อุบลราชธานี,อุบลราชธานี,2
6,6,อุทัยธานี,อุทัยธานี,0
6,6,อุดรธานี,อุดรธานี,0
6,6,อำนาจเจริญ,อำนาจเจริญ,0
6,6,หนองคาย,หนองคาย,1
6,6,สุโขทัย,สุโขทัย,0
6,6,สุรินทร์,สุรินทร์,1
6,6,สุราษฎร์ธานี,สุราษฎร์ธานี,1
6,6,สิงห์บุรี,สิงห์บุรี,0
6,6,สระแก้ว,สระแก้ว,0
6,6,สระบุรี,สระบุรี,0
6,6,สมุทรสาคร,สมุทรสาคร,0
6,6,สมุทรปราการ,สมุทรปราการ,0
6,6,สตูล,สตูล,0
6,6,สงขลา,สงขลา,1
6,6,สกลนคร,สกลนคร,0
6,6,ศรีสะเกษ,ศรีสะเกษ,1
6,6,ลำพูน,ลำพูน,0
6,6,ลำปาง,ลำปาง,0
6,6,ลพบุรี,ลพบุรี,0
6,6,ร้อยเอ็ด,ร้อยเอ็ด,1
6,6,ราชบุรี,ราชบุรี,2
6,6,ระยอง,ระยอง,3
6,6,ระนอง,ระนอง,0
6,6,มุกดาหาร,มุกดาหาร,0
6,6,มหาสารคาม,มหาสารคาม,1
6,6,ภูเก็ต,ภูเก็ต,0
6,6,พิษณุโลก,พิษณุโลก,0
6,6,พิจิตร,พิจิตร,0
6,6,พัทลุง,พัทลุง,0
6,6,พะเยา,พะเยา,0
6,6,พระนครศรีอยุธยา,พระนครศรีอยุธยา,2
6,6,ปัตตานี,ปัตตานี,0
6,6,ปราจีนบุรี,ปราจีนบุรี,0
6,6,ประจวบคีรีขันธ์,ประจวบคีรีขันธ์,0
6,6,ปทุมธานี,ปทุมธานี,0
6,6,บุรีรัมย์,บุรีรัมย์,1
6,6,น่าน,น่าน,1
6,6,นราธิวาส,นราธิวาส,0
6,6,นนทบุรี,นนทบุรี,2
6,6,นครสวรรค์,นครสวรรค์,0
6,6,นครศรีธรรมราช,นครศรีธรรมราช,1
6,6,นครราชสีมา,นครราชสีมา,1
6,6,นครพนม,นครพนม,0
6,6,นครปฐม,นครปฐม,0
6,6,นครนายก,นครนายก,0
6,6,ตาก,ตาก,0
6,6,ตราด,ตราด,0
6,6,ตรัง,ตรัง,0
6,6,ชุมพร,ชุมพร,0
6,6,ชัยภูมิ,ชัยภูมิ,1
6,6,ชัยนาท,ชัยนาท,0
6,6,ชลบุรี,ชลบุรี,2
6,6,ฉะเชิงเทรา,ฉะเชิงเทรา,0
6,6,จันทบุรี,จันทบุรี,2
6,6,ขอนแก่น,ขอนแก่น,1
6,6,กำแพงเพชร,กำแพงเพชร,0
6,6,กาฬสินธุ์,กาฬสินธุ์,0
6,6,กาญจนบุรี,กาญจนบุรี,1
6,6,กรุงเทพมหานคร,กรุงเทพมหานคร,15
5,5,%all%,%all%,57
5,5,ไม่ระบุ,ไม่ระบุ,0
5,5,แม่ฮ่องสอน,แม่ฮ่องสอน,0
5,5,แพร่,แพร่,0
5,5,เลย,เลย,0
5,5,เพชรบูรณ์,เพชรบูรณ์,1
5,5,เพชรบุรี,เพชรบุรี,0
5,5,เชียงใหม่,เชียงใหม่,3
5,5,เชียงราย,เชียงราย,0
5,5,อุบลราชธานี,อุบลราชธานี,2
5,5,อุทัยธานี,อุทัยธานี,0
5,5,อุดรธานี,อุดรธานี,1
5,5,อำนาจเจริญ,อำนาจเจริญ,0
5,5,หนองคาย,หนองคาย,1
5,5,สุรินทร์,สุรินทร์,1
5,5,สุราษฎร์ธานี,สุราษฎร์ธานี,2
5,5,สุพรรณบุรี,สุพรรณบุรี,0
5,5,สระแก้ว,สระแก้ว,0
5,5,สระบุรี,สระบุรี,1
5,5,สมุทรสาคร,สมุทรสาคร,0
5,5,สมุทรสงคราม,สมุทรสงคราม,0
5,5,สมุทรปราการ,สมุทรปราการ,1
5,5,สตูล,สตูล,0
5,5,สงขลา,สงขลา,0
5,5,ศรีสะเกษ,ศรีสะเกษ,4
5,5,ลำปาง,ลำปาง,2
5,5,ลพบุรี,ลพบุรี,0
5,5,ร้อยเอ็ด,ร้อยเอ็ด,1
5,5,ราชบุรี,ราชบุรี,2
5,5,ระยอง,ระยอง,2
5,5,ระนอง,ระนอง,0
5,5,ยะลา,ยะลา,0
5,5,มหาสารคาม,มหาสารคาม,0
5,5,ภูเก็ต,ภูเก็ต,0
5,5,พิษณุโลก,พิษณุโลก,1
5,5,พิจิตร,พิจิตร,0
5,5,พัทลุง,พัทลุง,0
5,5,พังงา,พังงา,0
5,5,พะเยา,พะเยา,1
5,5,พระนครศรีอยุธยา,พระนครศรีอยุธยา,0
5,5,ปัตตานี,ปัตตานี,0
5,5,ปราจีนบุรี,ปราจีนบุรี,0
5,5,ประจวบคีรีขันธ์,ประจวบคีรีขันธ์,0
5,5,ปทุมธานี,ปทุมธานี,0
5,5,บุรีรัมย์,บุรีรัมย์,1
5,5,บึงกาฬ,บึงกาฬ,0
5,5,น่าน,น่าน,1
5,5,นนทบุรี,นนทบุรี,4
5,5,นครสวรรค์,นครสวรรค์,1
5,5,นครศรีธรรมราช,นครศรีธรรมราช,2
5,5,นครราชสีมา,นครราชสีมา,1
5,5,นครพนม,นครพนม,0
5,5,นครปฐม,นครปฐม,0
5,5,นครนายก,นครนายก,0
5,5,ตาก,ตาก,1
5,5,ตราด,ตราด,0
5,5,ชุมพร,ชุมพร,0
5,5,ชัยภูมิ,ชัยภูมิ,0
5,5,ชัยนาท,ชัยนาท,0
5,5,ชลบุรี,ชลบุรี,0
5,5,ฉะเชิงเทรา,ฉะเชิงเทรา,1
5,5,จันทบุรี,จันทบุรี,3
5,5,ขอนแก่น,ขอนแก่น,2
5,5,กำแพงเพชร,กำแพงเพชร,1
5,5,กาฬสินธุ์,กาฬสินธุ์,0
5,5,กาญจนบุรี,กาญจนบุรี,0
5,5,กรุงเทพมหานคร,กรุงเทพมหานคร,12
5,5,กระบี่,กระบี่,1
4,4,%all%,%all%,64
4,4,แม่ฮ่องสอน,แม่ฮ่องสอน,1
4,4,แพร่,แพร่,1
4,4,เลย,เลย,0
4,4,เพชรบูรณ์,เพชรบูรณ์,2
4,4,เพชรบุรี,เพชรบุรี,3
4,4,เชียงใหม่,เชียงใหม่,4
4,4,เชียงราย,เชียงราย,1
4,4,อ่างทอง,อ่างทอง,0
4,4,อุบลราชธานี,อุบลราชธานี,1
4,4,อุทัยธานี,อุทัยธานี,0
4,4,อุตรดิตถ์,อุตรดิตถ์,0
4,4,อุดรธานี,อุดรธานี,0
4,4,อำนาจเจริญ,อำนาจเจริญ,0
4,4,หนองบัวลำภู,หนองบัวลำภู,0
4,4,หนองคาย,หนองคาย,0
4,4,สุโขทัย,สุโขทัย,0
4,4,สุรินทร์,สุรินทร์,1
4,4,สุราษฎร์ธานี,สุราษฎร์ธานี,0
4,4,สุพรรณบุรี,สุพรรณบุรี,0
4,4,สิงห์บุรี,สิงห์บุรี,0
4,4,สระแก้ว,สระแก้ว,1
4,4,สระบุรี,สระบุรี,0
4,4,สมุทรสาคร,สมุทรสาคร,1
4,4,สมุทรปราการ,สมุทรปราการ,0
4,4,สตูล,สตูล,0
4,4,สงขลา,สงขลา,5
4,4,สกลนคร,สกลนคร,0
4,4,ศรีสะเกษ,ศรีสะเกษ,0
4,4,ลำพูน,ลำพูน,1
4,4,ลำปาง,ลำปาง,1
4,4,ลพบุรี,ลพบุรี,0
4,4,ร้อยเอ็ด,ร้อยเอ็ด,3
4,4,ราชบุรี,ราชบุรี,1
4,4,ระยอง,ระยอง,4
4,4,ยโสธร,ยโสธร,0
4,4,ยะลา,ยะลา,1
4,4,มุกดาหาร,มุกดาหาร,0
4,4,มหาสารคาม,มหาสารคาม,1
4,4,ภูเก็ต,ภูเก็ต,3
4,4,พิษณุโลก,พิษณุโลก,2
4,4,พิจิตร,พิจิตร,0
4,4,พัทลุง,พัทลุง,0
4,4,พังงา,พังงา,2
4,4,พะเยา,พะเยา,0
4,4,พระนครศรีอยุธยา,พระนครศรีอยุธยา,1
4,4,ปราจีนบุรี,ปราจีนบุรี,0
4,4,ประจวบคีรีขันธ์,ประจวบคีรีขันธ์,2
4,4,ปทุมธานี,ปทุมธานี,0
4,4,บุรีรัมย์,บุรีรัมย์,0
4,4,บึงกาฬ,บึงกาฬ,0
4,4,น่าน,น่าน,0
4,4,นนทบุรี,นนทบุรี,1
4,4,นครสวรรค์,นครสวรรค์,4
4,4,นครศรีธรรมราช,นครศรีธรรมราช,1
4,4,นครราชสีมา,นครราชสีมา,0
4,4,นครปฐม,นครปฐม,0
4,4,ตาก,ตาก,0
4,4,ตราด,ตราด,1
4,4,ตรัง,ตรัง,0
4,4,ชุมพร,ชุมพร,0
4,4,ชัยภูมิ,ชัยภูมิ,0
4,4,ชัยนาท,ชัยนาท,0
4,4,ชลบุรี,ชลบุรี,0
4,4,ฉะเชิงเทรา,ฉะเชิงเทรา,1
4,4,จันทบุรี,จันทบุรี,0
4,4,ขอนแก่น,ขอนแก่น,1
4,4,กำแพงเพชร,กำแพงเพชร,0
4,4,กาฬสินธุ์,กาฬสินธุ์,0
4,4,กาญจนบุรี,กาญจนบุรี,0
4,4,กรุงเทพมหานคร,กรุงเทพมหานคร,12
4,4,กระบี่,กระบี่,0
3,3,%all%,%all%,40
3,3,แพร่,แพร่,0
3,3,เลย,เลย,0
3,3,เพชรบูรณ์,เพชรบูรณ์,0
3,3,เพชรบุรี,เพชรบุรี,0
3,3,เชียงใหม่,เชียงใหม่,3
3,3,เชียงราย,เชียงราย,3
3,3,อุบลราชธานี,อุบลราชธานี,2
3,3,อุดรธานี,อุดรธานี,0
3,3,อำนาจเจริญ,อำนาจเจริญ,0
3,3,หนองบัวลำภู,หนองบัวลำภู,0
3,3,หนองคาย,หนองคาย,0
3,3,สุโขทัย,สุโขทัย,1
3,3,สุรินทร์,สุรินทร์,0
3,3,สุราษฎร์ธานี,สุราษฎร์ธานี,1
3,3,สุพรรณบุรี,สุพรรณบุรี,0
3,3,สิงห์บุรี,สิงห์บุรี,0
3,3,สระแก้ว,สระแก้ว,1
3,3,สระบุรี,สระบุรี,0
3,3,สมุทรสาคร,สมุทรสาคร,2
3,3,สมุทรสงคราม,สมุทรสงคราม,0
3,3,สมุทรปราการ,สมุทรปราการ,1
3,3,สตูล,สตูล,0
3,3,สงขลา,สงขลา,3
3,3,สกลนคร,สกลนคร,0
3,3,ศรีสะเกษ,ศรีสะเกษ,0
3,3,ลำพูน,ลำพูน,0
3,3,ลำปาง,ลำปาง,2
3,3,ลพบุรี,ลพบุรี,0
3,3,ร้อยเอ็ด,ร้อยเอ็ด,0
3,3,ราชบุรี,ราชบุรี,0
3,3,ระยอง,ระยอง,2
3,3,ระนอง,ระนอง,0
3,3,ยโสธร,ยโสธร,0
3,3,ยะลา,ยะลา,0
3,3,มุกดาหาร,มุกดาหาร,0
3,3,มหาสารคาม,มหาสารคาม,0
3,3,ภูเก็ต,ภูเก็ต,1
3,3,พิษณุโลก,พิษณุโลก,1
3,3,พังงา,พังงา,0
3,3,พระนครศรีอยุธยา,พระนครศรีอยุธยา,0
3,3,ปราจีนบุรี,ปราจีนบุรี,2
3,3,ประจวบคีรีขันธ์,ประจวบคีรีขันธ์,0
3,3,ปทุมธานี,ปทุมธานี,0
3,3,บุรีรัมย์,บุรีรัมย์,0
3,3,บึงกาฬ,บึงกาฬ,0
3,3,น่าน,น่าน,0
3,3,นราธิวาส,นราธิวาส,0
3,3,นนทบุรี,นนทบุรี,2
3,3,นครสวรรค์,นครสวรรค์,0
3,3,นครศรีธรรมราช,นครศรีธรรมราช,1
3,3,นครราชสีมา,นครราชสีมา,2
3,3,นครพนม,นครพนม,0
3,3,นครปฐม,นครปฐม,0
3,3,ตาก,ตาก,0
3,3,ตราด,ตราด,0
3,3,ตรัง,ตรัง,0
3,3,ชุมพร,ชุมพร,0
3,3,ชัยภูมิ,ชัยภูมิ,0
3,3,ชัยนาท,ชัยนาท,0
3,3,ชลบุรี,ชลบุรี,1
3,3,ฉะเชิงเทรา,ฉะเชิงเทรา,1
3,3,จันทบุรี,จันทบุรี,0
3,3,ขอนแก่น,ขอนแก่น,2
3,3,กำแพงเพชร,กำแพงเพชร,1
3,3,กาฬสินธุ์,กาฬสินธุ์,1
3,3,กาญจนบุรี,กาญจนบุรี,0
3,3,กรุงเทพมหานคร,กรุงเทพมหานคร,4
3,3,กระบี่,กระบี่,0
2,2,%all%,%all%,44
2,2,ไม่ระบุ,ไม่ระบุ,0
2,2,แม่ฮ่องสอน,แม่ฮ่องสอน,0
2,2,แพร่,แพร่,0
2,2,เลย,เลย,0
2,2,เพชรบูรณ์,เพชรบูรณ์,0
2,2,เพชรบุรี,เพชรบุรี,2
2,2,เชียงใหม่,เชียงใหม่,3
2,2,เชียงราย,เชียงราย,1
2,2,อ่างทอง,อ่างทอง,0
2,2,อุบลราชธานี,อุบลราชธานี,0
2,2,อุทัยธานี,อุทัยธานี,0
2,2,อุตรดิตถ์,อุตรดิตถ์,0
2,2,อุดรธานี,อุดรธานี,0
2,2,หนองบัวลำภู,หนองบัวลำภู,0
2,2,หนองคาย,หนองคาย,1
2,2,สุโขทัย,สุโขทัย,0
2,2,สุรินทร์,สุรินทร์,0
2,2,สุราษฎร์ธานี,สุราษฎร์ธานี,2
2,2,สุพรรณบุรี,สุพรรณบุรี,1
2,2,สระแก้ว,สระแก้ว,0
2,2,สระบุรี,สระบุรี,0
2,2,สมุทรสาคร,สมุทรสาคร,0
2,2,สมุทรสงคราม,สมุทรสงคราม,0
2,2,สมุทรปราการ,สมุทรปราการ,1
2,2,สตูล,สตูล,0
2,2,สงขลา,สงขลา,1
2,2,สกลนคร,สกลนคร,0
2,2,ศรีสะเกษ,ศรีสะเกษ,1
2,2,ลำปาง,ลำปาง,3
2,2,ลพบุรี,ลพบุรี,0
2,2,ร้อยเอ็ด,ร้อยเอ็ด,0
2,2,ราชบุรี,ราชบุรี,0
2,2,ระยอง,ระยอง,4
2,2,ยะลา,ยะลา,0
2,2,มุกดาหาร,มุกดาหาร,0
2,2,มหาสารคาม,มหาสารคาม,2
2,2,ภูเก็ต,ภูเก็ต,0
2,2,พิษณุโลก,พิษณุโลก,2
2,2,พิจิตร,พิจิตร,0
2,2,พัทลุง,พัทลุง,0
2,2,พังงา,พังงา,0
2,2,พะเยา,พะเยา,0
2,2,พระนครศรีอยุธยา,พระนครศรีอยุธยา,0
2,2,ปราจีนบุรี,ปราจีนบุรี,2
2,2,ประจวบคีรีขันธ์,ประจวบคีรีขันธ์,0
2,2,ปทุมธานี,ปทุมธานี,0
2,2,บุรีรัมย์,บุรีรัมย์,0
2,2,น่าน,น่าน,1
2,2,นนทบุรี,นนทบุรี,2
2,2,นครสวรรค์,นครสวรรค์,0
2,2,นครศรีธรรมราช,นครศรีธรรมราช,0
2,2,นครราชสีมา,นครราชสีมา,0
2,2,นครพนม,นครพนม,0
2,2,นครปฐม,นครปฐม,0
2,2,ตาก,ตาก,1
2,2,ตราด,ตราด,0
2,2,ตรัง,ตรัง,0
2,2,ชุมพร,ชุมพร,0
2,2,ชัยภูมิ,ชัยภูมิ,0
2,2,ชลบุรี,ชลบุรี,2
2,2,ฉะเชิงเทรา,ฉะเชิงเทรา,0
2,2,จันทบุรี,จันทบุรี,2
2,2,ขอนแก่น,ขอนแก่น,1
2,2,กำแพงเพชร,กำแพงเพชร,2
2,2,กาฬสินธุ์,กาฬสินธุ์,0
2,2,กาญจนบุรี,กาญจนบุรี,0
2,2,กรุงเทพมหานคร,กรุงเทพมหานคร,7
2,2,กระบี่,กระบี่,0
1,1,%all%,%all%,61
1,1,ไม่ระบุ,ไม่ระบุ,0
1,1,แม่ฮ่องสอน,แม่ฮ่องสอน,0
1,1,แพร่,แพร่,0
1,1,เลย,เลย,0
1,1,เพชรบูรณ์,เพชรบูรณ์,1
1,1,เพชรบุรี,เพชรบุรี,1
1,1,เชียงใหม่,เชียงใหม่,1
1,1,เชียงราย,เชียงราย,0
1,1,อุบลราชธานี,อุบลราชธานี,0
1,1,อุทัยธานี,อุทัยธานี,0
1,1,อุตรดิตถ์,อุตรดิตถ์,0
1,1,อุดรธานี,อุดรธานี,0
1,1,อำนาจเจริญ,อำนาจเจริญ,0
1,1,หนองบัวลำภู,หนองบัวลำภู,0
1,1,หนองคาย,หนองคาย,0
1,1,สุโขทัย,สุโขทัย,0
1,1,สุรินทร์,สุรินทร์,0
1,1,สุราษฎร์ธานี,สุราษฎร์ธานี,2
1,1,สระแก้ว,สระแก้ว,0
1,1,สระบุรี,สระบุรี,0
1,1,สมุทรสาคร,สมุทรสาคร,1
1,1,สมุทรสงคราม,สมุทรสงคราม,1
1,1,สมุทรปราการ,สมุทรปราการ,0
1,1,สตูล,สตูล,0
1,1,สงขลา,สงขลา,0
1,1,สกลนคร,สกลนคร,0
1,1,ศรีสะเกษ,ศรีสะเกษ,2
1,1,ลำพูน,ลำพูน,0
1,1,ลำปาง,ลำปาง,0
1,1,ลพบุรี,ลพบุรี,0
1,1,ร้อยเอ็ด,ร้อยเอ็ด,1
1,1,ราชบุรี,ราชบุรี,1
1,1,ระยอง,ระยอง,13
1,1,ระนอง,ระนอง,2
1,1,ยโสธร,ยโสธร,1
1,1,มุกดาหาร,มุกดาหาร,0
1,1,มหาสารคาม,มหาสารคาม,0
1,1,ภูเก็ต,ภูเก็ต,0
1,1,พิษณุโลก,พิษณุโลก,3
1,1,พิจิตร,พิจิตร,0
1,1,พัทลุง,พัทลุง,0
1,1,พังงา,พังงา,0
1,1,พะเยา,พะเยา,1
1,1,พระนครศรีอยุธยา,พระนครศรีอยุธยา,2
1,1,ปัตตานี,ปัตตานี,0
1,1,ปราจีนบุรี,ปราจีนบุรี,1
1,1,ประจวบคีรีขันธ์,ประจวบคีรีขันธ์,0
1,1,ปทุมธานี,ปทุมธานี,3
1,1,บุรีรัมย์,บุรีรัมย์,2
1,1,บึงกาฬ,บึงกาฬ,0
1,1,น่าน,น่าน,0
1,1,นราธิวาส,นราธิวาส,0
1,1,นนทบุรี,นนทบุรี,1
1,1,นครสวรรค์,นครสวรรค์,0
1,1,นครศรีธรรมราช,นครศรีธรรมราช,0
1,1,นครราชสีมา,นครราชสีมา,1
1,1,นครพนม,นครพนม,0
1,1,นครปฐม,นครปฐม,0
1,1,ตาก,ตาก,0
1,1,ตราด,ตราด,0
1,1,ตรัง,ตรัง,0
1,1,ชุมพร,ชุมพร,2
1,1,ชัยภูมิ,ชัยภูมิ,0
1,1,ชัยนาท,ชัยนาท,0
1,1,ชลบุรี,ชลบุรี,4
1,1,ฉะเชิงเทรา,ฉะเชิงเทรา,1
1,1,จันทบุรี,จันทบุรี,2
1,1,ขอนแก่น,ขอนแก่น,1
1,1,กำแพงเพชร,กำแพงเพชร,0
1,1,กาฬสินธุ์,กาฬสินธุ์,0
1,1,กาญจนบุรี,กาญจนบุรี,1
1,1,กรุงเทพมหานคร,กรุงเทพมหานคร,9
1,1,กระบี่,กระบี่,0
%all%,%all%,%all%,%all%,1772
%all%,%all%,ไม่ระบุ,ไม่ระบุ,0
%all%,%all%,แม่ฮ่องสอน,แม่ฮ่องสอน,2
%all%,%all%,แพร่,แพร่,2
%all%,%all%,เลย,เลย,10
%all%,%all%,เพชรบูรณ์,เพชรบูรณ์,38
%all%,%all%,เพชรบุรี,เพชรบุรี,9
%all%,%all%,เชียงใหม่,เชียงใหม่,83
%all%,%all%,เชียงราย,เชียงราย,47
%all%,%all%,อ่างทอง,อ่างทอง,1
%all%,%all%,อุบลราชธานี,อุบลราชธานี,39
%all%,%all%,อุทัยธานี,อุทัยธานี,3
%all%,%all%,อุตรดิตถ์,อุตรดิตถ์,4
%all%,%all%,อุดรธานี,อุดรธานี,4
%all%,%all%,อำนาจเจริญ,อำนาจเจริญ,5
%all%,%all%,หนองบัวลำภู,หนองบัวลำภู,1
%all%,%all%,หนองคาย,หนองคาย,21
%all%,%all%,สุโขทัย,สุโขทัย,6
%all%,%all%,สุรินทร์,สุรินทร์,12
%all%,%all%,สุราษฎร์ธานี,สุราษฎร์ธานี,42
%all%,%all%,สุพรรณบุรี,สุพรรณบุรี,15
%all%,%all%,สิงห์บุรี,สิงห์บุรี,5
%all%,%all%,สระแก้ว,สระแก้ว,9
%all%,%all%,สระบุรี,สระบุรี,6
%all%,%all%,สมุทรสาคร,สมุทรสาคร,7
%all%,%all%,สมุทรสงคราม,สมุทรสงคราม,5
%all%,%all%,สมุทรปราการ,สมุทรปราการ,65
%all%,%all%,สตูล,สตูล,0
%all%,%all%,สงขลา,สงขลา,66
%all%,%all%,สกลนคร,สกลนคร,4
%all%,%all%,ศรีสะเกษ,ศรีสะเกษ,28
%all%,%all%,ลำพูน,ลำพูน,2
%all%,%all%,ลำปาง,ลำปาง,31
%all%,%all%,ลพบุรี,ลพบุรี,1
%all%,%all%,ร้อยเอ็ด,ร้อยเอ็ด,20
%all%,%all%,ราชบุรี,ราชบุรี,32
%all%,%all%,ระยอง,ระยอง,62
%all%,%all%,ระนอง,ระนอง,8
%all%,%all%,ยโสธร,ยโสธร,5
%all%,%all%,ยะลา,ยะลา,2
%all%,%all%,มุกดาหาร,มุกดาหาร,5
%all%,%all%,มหาสารคาม,มหาสารคาม,22
%all%,%all%,ภูเก็ต,ภูเก็ต,29
%all%,%all%,พิษณุโลก,พิษณุโลก,30
%all%,%all%,พิจิตร,พิจิตร,2
%all%,%all%,พัทลุง,พัทลุง,6
%all%,%all%,พังงา,พังงา,6
%all%,%all%,พะเยา,พะเยา,7
%all%,%all%,พระนครศรีอยุธยา,พระนครศรีอยุธยา,12
%all%,%all%,ปัตตานี,ปัตตานี,1
%all%,%all%,ปราจีนบุรี,ปราจีนบุรี,39
%all%,%all%,ประจวบคีรีขันธ์,ประจวบคีรีขันธ์,12
%all%,%all%,ปทุมธานี,ปทุมธานี,17
%all%,%all%,บุรีรัมย์,บุรีรัมย์,23
%all%,%all%,บึงกาฬ,บึงกาฬ,0
%all%,%all%,น่าน,น่าน,8
%all%,%all%,นราธิวาส,นราธิวาส,1
%all%,%all%,นนทบุรี,นนทบุรี,49
%all%,%all%,นครสวรรค์,นครสวรรค์,26
%all%,%all%,นครศรีธรรมราช,นครศรีธรรมราช,24
%all%,%all%,นครราชสีมา,นครราชสีมา,29
%all%,%all%,นครพนม,นครพนม,3
%all%,%all%,นครปฐม,นครปฐม,3
%all%,%all%,นครนายก,นครนายก,2
%all%,%all%,ตาก,ตาก,8
%all%,%all%,ตราด,ตราด,12
%all%,%all%,ตรัง,ตรัง,3
%all%,%all%,ชุมพร,ชุมพร,12
%all%,%all%,ชัยภูมิ,ชัยภูมิ,13
%all%,%all%,ชัยนาท,ชัยนาท,0
%all%,%all%,ชลบุรี,ชลบุรี,53
%all%,%all%,ฉะเชิงเทรา,ฉะเชิงเทรา,16
%all%,%all%,จันทบุรี,จันทบุรี,51
%all%,%all%,ขอนแก่น,ขอนแก่น,91
%all%,%all%,กำแพงเพชร,กำแพงเพชร,30
%all%,%all%,กาฬสินธุ์,กาฬสินธุ์,4
%all%,%all%,กาญจนบุรี,กาญจนบุรี,27
%all%,%all%,กรุงเทพมหานคร,กรุงเทพมหานคร,388
%all%,%all%,กระบี่,กระบี่,6
